0.338422 0.503546 0.795918 0.022026
0.157761 0.385343 0.912245 0.92511
0.890585 0.0 0.906122 0.0
0.62341 0.534279 0.408163 0.900881
0.427481 0.976359 0.869388 0.506608
0.167939 1.0 0.720408 0.497797
0.709924 0.111111 0.595918 0.803965
0.244275 0.732861 0.289796 0.872247
0.847328 0.486998 0.0 0.092511
0.022901 0.234043 0.040816 0.42511
0.0 0.900709 0.12449 0.5837
0.348601 0.853428 0.863265 0.176211
0.768448 0.321513 0.206122 0.103524
0.348601 0.661939 0.179592 1.0
0.094148 0.574468 0.802041 0.746696
0.0 0.104019 0.212245 0.248899
0.918575 0.486998 0.67551 0.848018
0.157761 0.252955 0.897959 0.665198
1.0 0.853428 1.0 0.134361
0.328244 0.144208 0.3 0.535242
