0.355102 0.198381 0.44332 0.512245 0.286004 0.831663 0.096579 0.375 0.611111 0.119835 0.714 0.389113 0.769697 0.461847 0.659836 0.076768 0.559118 0.348089 0.928862 0.393075 0.630303 0.544177 0.436364 0.546559 0.365503 0.74498 0.933333 0.720648 0.265306 0.221311 0.194726 0.076152
0.92449 0.576923 0.759109 0.444898 0.636917 0.492986 0.128773 1.0 0.981481 0.316116 0.542 0.875 0.389899 0.090361 0.946721 0.232323 0.396794 0.788732 0.347561 0.429735 0.036364 0.477912 0.854545 0.852227 0.73306 0.889558 0.161616 1.0 0.07551 0.915984 0.766734 0.058116
0.65102 0.665992 0.018219 0.383673 0.383367 0.93988 0.090543 0.701613 0.109053 0.873967 0.772 0.096774 0.973737 0.190763 0.928279 0.115152 0.224449 0.756539 0.583333 0.08554 0.056566 0.026104 0.074747 0.688259 0.238193 0.851406 0.307071 0.597166 0.269388 0.02459 0.853955 0.671343
0.367347 0.417004 0.959514 0.536735 0.482759 0.082164 0.275654 0.449597 0.709877 0.820248 0.476 0.764113 0.872727 0.0 0.0 0.250505 0.931864 0.993964 0.306911 0.124236 0.228283 0.638554 0.953535 0.923077 0.193018 0.335341 0.074747 0.277328 0.193878 0.612705 0.168357 0.58517
0.061224 0.163968 0.902834 0.630612 0.356998 0.947896 0.641851 0.048387 0.374486 0.628099 0.062 0.754032 0.650505 0.941767 0.702869 0.583838 0.064128 0.877264 0.123984 0.794297 0.856566 0.216867 0.345455 0.17004 0.063655 0.570281 0.985859 0.212551 0.897959 0.0 0.866126 0.653307
0.25102 0.603239 0.248988 0.830612 0.760649 0.134269 0.32998 0.641129 0.674897 0.117769 0.082 0.467742 0.915152 0.720884 0.17418 0.808081 0.058116 0.94165 0.434959 0.87169 0.694949 0.008032 0.690909 0.860324 0.37577 0.955823 0.505051 0.959514 0.006122 0.045082 1.0 0.188377
0.234694 0.724696 0.356275 0.659184 0.618661 0.653307 0.802817 0.433468 0.08642 0.154959 0.548 0.110887 0.478788 0.070281 0.827869 0.573737 0.190381 0.408451 0.668699 0.955193 0.626263 0.987952 0.490909 0.678138 0.459959 0.901606 0.8 0.212551 0.355102 0.881148 0.918864 0.11022
0.202041 0.024291 0.544534 0.07551 0.288032 0.561122 0.412475 0.953629 0.925926 0.704545 0.298 0.616935 0.664646 0.453815 0.606557 0.072727 0.501002 0.651911 0.794715 0.651731 0.874747 0.616466 0.725253 0.431174 0.084189 0.435743 0.870707 0.730769 0.730612 0.420082 0.198783 0.496994
0.646939 0.186235 0.263158 0.277551 0.957404 0.873747 0.521127 0.233871 0.271605 0.254132 0.062 0.02621 0.523232 0.439759 0.668033 0.925253 0.655311 0.277666 0.768293 0.494908 0.579798 0.022088 0.022222 0.746964 0.954825 0.807229 0.545455 0.38664 0.404082 0.776639 0.421907 0.54509
0.47551 0.321862 0.336032 0.908163 0.036511 0.386774 0.539235 0.679435 0.248971 0.006198 0.218 0.854839 0.367677 0.773092 0.79918 0.385859 0.422846 0.285714 0.455285 0.696538 0.723232 0.214859 0.191919 0.463563 0.229979 0.082329 0.024242 0.491903 0.363265 0.752049 0.699797 0.368737
0.585714 0.702429 0.366397 0.410204 0.59432 0.360721 0.855131 0.137097 0.909465 0.146694 0.118 0.657258 0.933333 0.771084 0.264344 0.571717 0.276553 0.424547 0.827236 0.160896 0.59596 0.803213 0.565657 0.892713 0.944559 0.933735 0.577778 0.497976 0.287755 0.247951 0.229209 0.224449
0.657143 0.714575 0.552632 0.863265 0.699797 0.699399 0.185111 0.403226 0.973251 0.289256 0.314 0.280242 0.59798 0.518072 0.510246 0.353535 0.228457 0.663984 0.723577 0.366599 0.256566 0.192771 0.228283 0.1417 0.470226 0.973896 0.365657 0.921053 0.67551 0.860656 0.941176 0.705411
0.42449 0.87247 0.864372 0.744898 0.361055 0.462926 0.10664 0.752016 0.185185 0.97314 0.9 0.840726 0.242424 0.186747 0.688525 0.432323 0.042084 0.285714 0.735772 0.627291 0.943434 0.110442 0.634343 0.285425 0.823409 0.767068 0.921212 0.983806 0.673469 0.444672 0.845842 0.028056
0.14898 0.200405 0.712551 0.408163 0.535497 0.673347 0.482897 0.800403 0.995885 0.47314 0.868 0.854839 0.345455 0.034137 0.016393 0.808081 0.915832 0.641851 0.947154 0.0 0.185859 0.481928 0.327273 0.572874 0.197125 0.271084 0.359596 0.026316 0.420408 0.680328 0.730223 0.168337
0.959184 0.224696 0.898785 0.010204 0.37931 0.673347 0.985915 0.030242 0.843621 0.956612 0.488 0.245968 0.723232 0.781124 0.64959 0.066667 0.398798 0.098592 0.04065 0.382892 0.038384 0.158635 0.10303 0.860324 0.23614 0.383534 0.155556 0.522267 0.863265 0.227459 0.425963 0.509018
0.836735 0.54251 0.771255 0.616327 0.855984 0.625251 0.525151 0.65121 0.711934 0.514463 0.402 0.421371 0.832323 0.337349 0.307377 0.038384 1.0 0.418511 0.304878 0.804481 0.408081 0.698795 0.224242 0.989879 0.679671 0.156627 0.8 0.578947 0.522449 0.372951 0.732252 0.735471
0.791837 0.894737 0.277328 0.557143 0.093306 0.829659 0.641851 0.554435 0.393004 0.983471 0.45 0.127016 0.420202 0.771084 0.471311 0.50303 0.551102 0.311871 0.052846 0.472505 0.868687 0.289157 1.0 0.504049 0.960986 0.204819 0.919192 0.524291 0.12449 0.297131 0.965517 0.03006
0.142857 0.214575 0.497976 0.54898 0.188641 0.901804 0.68008 0.895161 0.670782 0.316116 0.5 0.260081 0.048485 0.817269 0.866803 0.032323 0.352705 0.201207 0.113821 0.641548 0.717172 0.032129 0.018182 1.0 0.049281 0.471888 0.262626 0.546559 0.879592 0.393443 0.496957 0.08016
0.383673 0.554656 0.188259 0.569388 0.196755 0.977956 0.541247 0.66129 0.417695 0.407025 0.686 0.256048 0.789899 0.889558 0.280738 0.088889 0.513026 0.742455 0.146341 0.02444 0.422222 0.578313 0.226263 0.178138 1.0 0.953815 0.680808 0.044534 0.420408 0.204918 0.829615 0.54509
0.646939 0.161943 0.645749 0.540816 0.663286 0.284569 0.501006 0.010081 0.995885 0.739669 0.966 0.104839 0.147475 0.419679 0.569672 0.545455 0.308617 0.205231 0.376016 0.158859 0.145455 0.124498 0.141414 0.674089 0.827515 0.423695 0.60404 0.657895 0.373469 0.510246 0.640974 0.44489
0.802041 0.587045 0.0 0.026531 0.756592 0.737475 0.402414 0.947581 0.255144 0.150826 0.344 0.697581 0.068687 0.491968 0.991803 0.923232 0.733467 0.772636 0.971545 0.531568 0.430303 0.97992 0.272727 0.455466 0.188912 0.839357 0.268687 0.178138 0.155102 0.588115 0.935091 0.058116
0.744898 0.004049 0.842105 0.293878 0.066937 0.903808 0.521127 0.407258 0.444444 0.549587 0.012 0.445565 0.49697 0.421687 0.077869 0.593939 0.695391 0.515091 0.928862 0.765784 0.149495 0.160643 0.060606 0.02834 0.911704 1.0 0.656566 0.338057 0.410204 0.991803 0.381339 0.342685
0.361224 0.738866 0.107287 0.246939 0.490872 0.945892 0.432596 0.006048 0.512346 0.721074 0.388 0.546371 0.159596 0.618474 0.268443 0.208081 0.098196 0.865191 0.469512 0.792261 0.224242 0.570281 0.656566 0.785425 0.075975 0.658635 0.527273 0.771255 0.887755 0.336066 0.817444 0.234469
0.136735 0.910931 0.48583 0.971429 0.016227 0.735471 0.390342 0.778226 0.179012 0.469008 0.826 0.358871 0.755556 0.761044 0.891393 0.791919 0.366733 0.54326 0.414634 0.549898 0.165657 0.401606 0.157576 0.963563 0.938398 0.650602 0.080808 0.578947 0.181633 0.10041 0.864097 0.995992
0.036735 0.192308 0.244939 0.193878 0.728195 0.376754 0.070423 0.169355 0.421811 0.766529 0.164 0.770161 0.951515 0.885542 0.764344 0.345455 0.224449 0.901408 0.739837 0.822811 0.507071 0.110442 0.577778 0.52834 0.338809 0.084337 0.086869 0.882591 0.638776 0.520492 0.511156 0.088176
0.644898 0.684211 0.473684 0.393878 0.825558 0.741483 0.138833 0.858871 0.18107 0.235537 0.004 0.215726 0.747475 0.064257 0.135246 0.472727 0.683367 0.054326 0.833333 0.600815 0.159596 0.983936 0.713131 0.657895 0.673511 0.461847 0.50101 0.172065 0.295918 0.32377 0.456389 0.230461
0.193878 0.095142 0.479757 0.72449 0.736308 0.268537 0.977867 0.754032 0.884774 0.332645 0.986 0.512097 0.812121 0.389558 0.995902 0.212121 0.625251 0.585513 0.247967 0.228106 0.363636 0.409639 0.29899 0.123482 0.156057 0.821285 0.634343 0.08502 0.187755 0.786885 0.318458 0.206413
0.077551 0.107287 0.736842 0.689796 0.624746 0.466934 0.327968 0.104839 0.160494 0.380165 0.452 0.604839 0.365657 0.248996 0.163934 0.185859 0.294589 0.708249 0.878049 0.311609 0.026263 0.016064 0.709091 0.631579 0.086242 0.574297 0.123232 0.374494 0.685714 0.663934 0.079108 0.855711
0.316327 0.3583 0.44332 0.528571 0.123732 0.174349 0.782696 0.802419 0.831276 0.727273 0.122 0.294355 0.105051 0.299197 0.473361 0.480808 0.342685 0.929577 0.898374 0.250509 0.955556 0.016064 0.438384 0.287449 0.934292 0.034137 0.69899 0.698381 0.071429 0.530738 0.762677 0.318637
0.238776 0.080972 0.811741 0.665306 0.427992 0.967936 1.0 0.040323 0.481481 0.188017 0.236 0.538306 0.040404 0.068273 0.057377 0.820202 0.304609 0.565392 0.189024 0.985743 0.793939 0.36747 0.309091 0.374494 0.414784 0.720884 0.179798 0.0 0.579592 0.278689 0.397566 0.705411
0.328571 0.811741 0.364372 0.014286 0.965517 0.346693 0.794769 0.979839 0.495885 0.413223 0.438 0.566532 0.751515 0.5 0.969262 0.868687 0.294589 0.43662 0.357724 0.873727 0.321212 0.062249 0.850505 0.757085 0.940452 0.981928 0.260606 0.898785 0.459184 0.260246 0.036511 0.681363
0.869388 0.277328 0.208502 0.606122 0.728195 0.0 0.140845 0.5625 0.179012 0.958678 0.346 0.274194 0.676768 0.742972 0.77459 0.080808 0.679359 0.849095 0.76626 0.325866 0.272727 0.084337 0.864646 0.07085 0.765914 0.413655 0.654545 0.182186 0.597959 0.510246 0.894523 0.853707
0.155102 0.331984 0.615385 0.489796 0.778905 0.797595 0.509054 0.675403 0.814815 0.417355 0.4 0.893145 0.553535 0.375502 0.829918 0.589899 0.142285 0.696177 0.237805 0.788187 0.460606 0.781124 0.416162 0.068826 0.324435 0.036145 0.0 0.404858 0.308163 0.237705 0.302231 0.220441
0.746939 0.892713 0.157895 0.553061 0.541582 0.086172 0.814889 0.58871 0.458848 0.754132 1.0 0.798387 0.719192 0.144578 0.819672 0.274747 0.046092 0.816901 0.825203 0.580448 0.622222 0.128514 0.284848 0.350202 0.470226 0.257028 0.242424 0.218623 0.393878 0.543033 0.438134 0.236473
0.15102 0.261134 0.846154 0.836735 0.511156 0.360721 0.293763 0.0 0.12963 0.886364 0.934 0.207661 0.59798 0.718876 0.473361 0.684848 0.513026 0.661972 0.103659 0.90835 0.773737 0.012048 0.032323 0.777328 0.38809 0.226908 0.294949 0.777328 1.0 0.641393 0.876268 0.446894
0.15102 0.724696 0.352227 0.883673 0.442191 0.935872 0.366197 0.691532 0.216049 0.0 0.148 0.643145 0.072727 0.690763 0.163934 0.074747 0.224449 0.792757 0.662602 0.309572 0.064646 0.054217 0.892929 0.143725 0.129363 0.835341 0.727273 0.348178 0.334694 0.967213 0.953347 0.513026
0.514286 0.661943 0.639676 0.679592 0.478702 0.785571 0.565392 0.647177 0.168724 0.456612 0.142 0.199597 0.349495 0.931727 0.54918 0.953535 0.895792 0.138833 0.965447 0.057026 0.056566 0.646586 0.939394 0.62753 0.182752 0.403614 0.505051 0.125506 0.820408 0.008197 0.095335 0.541082
0.361224 0.623482 0.384615 0.502041 0.081136 0.392786 0.448692 0.397177 0.633745 0.894628 0.932 0.054435 0.226263 0.648594 0.403689 0.014141 0.432866 0.710262 0.46748 0.13442 0.688889 0.522088 0.294949 0.58502 0.505133 0.393574 0.121212 0.720648 0.985714 0.077869 0.8357 0.769539
0.236735 0.767206 0.087045 0.104082 0.444219 0.180361 0.905433 0.614919 0.522634 0.828512 0.252 0.677419 0.00202 0.03012 0.395492 0.440404 0.260521 0.724346 0.644309 0.195519 0.339394 0.813253 0.173737 0.87247 0.73922 0.38755 0.066667 0.836032 0.37551 0.528689 0.841785 0.342685
0.934694 0.965587 0.453441 0.732653 0.977688 0.066132 0.464789 0.191532 0.845679 0.475207 0.176 0.796371 0.349495 0.431727 0.42418 0.470707 0.390782 0.366197 0.103659 0.511202 0.327273 0.202811 0.987879 0.645749 0.62423 0.753012 0.70303 0.562753 0.761224 0.987705 0.96146 0.364729
0.853061 0.748988 0.659919 0.971429 0.31643 0.12024 0.71831 0.959677 0.971193 0.17562 0.564 0.989919 0.151515 0.550201 0.143443 0.418182 0.102204 0.973843 0.215447 0.10998 0.836364 0.150602 0.325253 0.910931 0.137577 0.341365 0.650505 0.925101 0.916327 0.469262 0.083164 0.062124
0.618367 0.866397 0.493927 0.038776 0.606491 0.877756 0.696177 0.784274 0.588477 0.198347 0.972 0.689516 0.226263 0.929719 0.42623 0.292929 0.663327 0.963783 0.376016 0.142566 0.288889 0.445783 0.49697 0.852227 0.655031 0.242972 0.115152 0.572874 0.495918 0.928279 0.283976 0.597194
0.544898 0.271255 0.755061 0.440816 0.105477 0.701403 0.503018 0.086694 0.555556 0.349174 0.59 0.530242 0.210101 0.447791 0.19877 0.965657 0.87976 0.62173 0.067073 0.892057 0.585859 0.698795 0.513131 0.57085 0.505133 0.078313 0.347475 0.388664 0.712245 0.315574 0.732252 0.248497
0.257143 0.870445 0.508097 0.579592 0.036511 0.517034 0.44668 0.689516 0.950617 0.136364 0.126 0.256048 0.761616 0.51004 0.739754 0.224242 0.034068 0.072435 0.140244 0.285132 0.606061 0.947791 0.028283 0.097166 0.765914 0.072289 0.406061 0.923077 0.720408 0.862705 0.902637 0.697395
0.171429 0.57085 0.172065 0.569388 0.37931 0.002004 0.746479 0.836694 0.382716 0.683884 0.518 0.308468 0.113131 0.090361 0.192623 0.741414 0.807615 0.702213 0.930894 0.158859 0.507071 0.87751 0.573737 0.840081 0.039014 0.939759 0.125253 0.188259 0.469388 0.002049 0.194726 0.613226
0.014286 0.42915 0.518219 0.610204 0.221095 0.861723 0.344064 0.481855 0.600823 0.646694 0.412 0.129032 0.375758 0.325301 0.057377 0.513131 0.196393 0.533199 0.479675 0.323829 0.723232 0.670683 0.135354 0.246964 0.591376 0.947791 0.119192 0.291498 0.04898 0.440574 0.908722 0.048096
0.189796 0.522267 0.05668 0.406122 0.466531 0.04008 0.215292 0.931452 0.40535 0.884298 0.426 0.820565 0.876768 0.630522 0.557377 0.989899 0.617234 0.452716 0.26626 0.849287 0.218182 0.726908 0.690909 0.45749 0.279261 0.046185 0.529293 0.044534 0.671429 0.844262 0.016227 0.579158
0.606122 0.439271 0.917004 0.857143 0.665314 0.034068 0.828974 0.133065 0.312757 0.570248 0.852 0.885081 0.719192 0.240964 0.27459 0.329293 0.865731 0.567404 0.107724 0.193483 0.822222 0.710843 0.921212 0.722672 0.700205 0.526104 0.931313 0.285425 0.291837 0.514344 0.584178 0.440882
0.846939 0.0 0.925101 0.146939 0.673428 0.108216 0.899396 0.850806 0.236626 0.262397 0.636 0.441532 0.242424 0.130522 0.20082 0.406061 0.551102 0.881288 0.573171 0.645621 0.820202 0.23494 0.658586 0.47166 0.443532 0.341365 0.165657 0.091093 0.544898 0.258197 0.904665 0.9499
0.881633 0.32996 0.076923 0.9 0.336714 0.462926 0.026157 0.012097 1.0 0.477273 0.662 0.25 0.456566 0.975904 0.266393 0.280808 0.987976 0.185111 0.546748 0.427699 0.163636 0.184739 0.355556 0.044534 0.123203 0.7249 0.357576 0.811741 0.526531 0.286885 0.456389 0.138277
0.628571 0.989879 0.892713 0.322449 0.448276 0.216433 0.372233 0.233871 0.080247 0.78719 0.126 0.530242 0.272727 0.116466 0.276639 0.725253 0.921844 0.756539 0.668699 0.189409 0.036364 0.885542 0.545455 0.54251 0.770021 0.871486 0.852525 0.621457 0.908163 0.567623 0.643002 0.416834
0.404082 0.977733 0.168016 0.665306 0.618661 0.426854 0.179074 0.514113 0.477366 1.0 0.912 0.016129 0.183838 0.198795 0.739754 0.563636 0.072144 0.742455 1.0 0.244399 0.0 0.87751 0.618182 0.48583 0.164271 0.87751 0.133333 0.82996 0.534694 0.348361 0.866126 0.915832
0.134694 0.831984 0.087045 0.736735 0.407708 0.745491 0.887324 0.96371 0.938272 0.849174 0.67 0.979839 0.773737 0.363454 0.915984 0.989899 0.855711 0.545272 0.339431 0.733198 0.89899 0.684739 0.345455 0.493927 0.439425 0.359438 0.757576 0.568826 0.659184 0.64959 0.326572 0.216433
0.283673 0.338057 0.846154 0.006122 0.809331 0.507014 0.460765 0.969758 0.131687 0.07438 0.644 0.760081 0.272727 0.327309 0.770492 0.014141 0.168337 0.851107 0.96748 0.236253 0.410101 0.345382 0.076768 0.799595 0.667351 0.891566 0.949495 0.587045 0.842857 0.395492 0.131846 0.941884
0.769388 0.550607 0.09919 0.877551 0.472617 0.829659 0.77666 0.153226 0.740741 0.863636 0.662 0.570565 0.161616 1.0 0.385246 0.468687 0.018036 0.744467 0.880081 0.934827 0.226263 0.481928 0.771717 0.192308 0.480493 0.821285 0.771717 0.303644 0.967347 0.405738 0.312373 0.152305
0.073469 0.603239 0.850202 0.916327 0.0 0.360721 0.334004 0.774194 0.251029 0.966942 0.144 0.550403 0.925253 0.514056 0.010246 0.723232 0.412826 0.15493 0.670732 0.720978 0.616162 0.62249 0.561616 0.111336 0.396304 0.164659 0.729293 0.694332 0.797959 0.631148 0.94929 0.637275
0.626531 0.398785 0.836032 0.271429 0.663286 0.382766 0.084507 0.802419 0.54321 0.72314 0.812 0.792339 0.624242 0.325301 0.971311 0.614141 0.340681 0.95171 0.729675 0.949084 0.965657 0.491968 0.69899 0.763158 0.429158 0.544177 0.313131 0.232794 0.493878 0.565574 0.182556 0.402806
0.157143 0.538462 0.062753 0.691837 0.805274 0.633267 0.372233 0.977823 0.368313 0.481405 0.512 0.050403 0.343434 0.692771 0.870902 0.193939 0.196393 0.511066 0.695122 0.441955 0.89697 0.311245 0.884848 0.483806 0.944559 0.343373 0.274747 0.540486 0.889796 0.577869 0.281947 0.178357
0.367347 0.066802 0.172065 0.806122 0.815416 0.883768 0.569416 0.814516 0.975309 0.533058 0.368 0.018145 0.432323 0.218876 0.030738 0.305051 0.925852 0.593561 0.406504 0.291242 0.139394 0.716867 0.777778 0.41498 0.616016 0.692771 0.39798 0.65587 0.285714 0.692623 0.791075 0.356713
0.791837 0.597166 0.748988 0.016327 0.843813 0.432866 0.199195 0.743952 0.644033 0.039256 0.508 0.822581 0.068687 0.805221 0.151639 0.125253 0.372745 0.587525 0.195122 0.961303 0.783838 0.261044 0.656566 0.512146 0.431211 0.236948 0.749495 0.846154 0.942857 0.754098 0.371197 0.533066
0.14898 0.580972 0.676113 0.087755 0.241379 0.126253 0.965795 0.883065 0.469136 0.204545 0.784 0.225806 0.60404 0.552209 0.766393 0.890909 0.39479 0.708249 0.912602 0.081466 0.450505 0.246988 0.052525 0.8583 0.462012 0.837349 0.107071 0.989879 0.108163 0.434426 0.665314 0.737475
0.62449 0.917004 0.860324 0.638776 0.732252 0.284569 0.575453 0.044355 0.251029 0.303719 0.706 0.550403 0.440404 0.88755 0.911885 0.305051 0.468938 0.024145 0.601626 0.022403 0.494949 0.240964 0.238384 0.261134 0.156057 0.03012 0.688889 0.05668 0.208163 0.92418 0.858012 0.519038
0.089796 0.530364 0.165992 0.304082 0.697769 0.036072 0.953722 0.209677 0.098765 0.826446 0.342 0.27621 0.628283 0.098394 0.192623 0.068687 0.839679 0.887324 0.601626 0.358452 0.753535 0.10241 0.953535 0.076923 0.720739 0.164659 0.238384 0.433198 0.820408 0.737705 0.361055 0.771543
0.308163 0.639676 0.198381 0.485714 0.56998 0.460922 0.915493 0.897177 0.331276 0.481405 0.784 0.016129 0.640404 0.024096 0.467213 0.0 0.154309 1.0 0.654472 0.309572 0.723232 0.425703 0.640404 0.678138 0.940452 0.271084 0.505051 0.259109 0.283673 0.17418 0.336714 0.402806
0.812245 0.180162 0.038462 0.030612 0.521298 0.058116 0.424547 0.449597 0.012346 0.386364 0.584 0.72379 0.238384 0.801205 0.97541 1.0 0.0 0.629779 0.191057 0.014257 0.874747 0.809237 0.438384 0.423077 0.328542 0.875502 0.870707 0.34413 0.8 0.155738 0.200811 0.859719
0.153061 0.538462 0.621457 0.961224 0.10142 0.769539 0.344064 0.040323 0.67284 0.233471 0.336 0.820565 0.957576 0.660643 0.497951 0.969697 0.665331 0.676056 0.46748 0.814664 0.668687 0.040161 0.866667 0.253036 0.418891 0.801205 0.539394 0.178138 0.836735 0.469262 0.651116 0.827655
0.822449 0.477733 0.817814 0.806122 0.488844 0.43487 0.237425 0.788306 0.358025 0.987603 0.732 0.165323 0.89899 0.53012 0.987705 0.555556 0.715431 0.466801 0.373984 0.608961 0.185859 0.130522 0.745455 0.512146 0.827515 0.445783 0.933333 0.390688 0.610204 0.692623 0.032454 0.569138
0.344898 0.789474 0.05668 0.253061 0.592292 0.298597 0.961771 0.350806 0.722222 0.67562 0.292 0.620968 0.824242 0.144578 0.713115 0.79596 0.12024 0.118712 0.556911 0.437882 0.490909 0.267068 0.490909 0.228745 0.691992 0.660643 0.248485 0.548583 0.959184 0.288934 0.543611 0.482966
0.283673 0.3583 0.297571 0.34898 0.713996 0.038076 0.993964 0.360887 0.944444 0.17562 0.35 0.175403 0.206061 0.588353 0.268443 0.949495 0.482966 0.259557 0.111789 0.529532 0.606061 0.61245 0.109091 0.633603 0.979466 0.236948 0.773737 0.226721 0.069388 0.42418 0.653144 0.587174
0.373469 0.603239 0.736842 0.0 0.610548 0.200401 0.655936 0.53629 0.82716 0.150826 0.592 0.917339 0.519192 0.216867 0.305328 0.440404 0.653307 0.142857 0.184959 0.790224 0.531313 0.578313 0.361616 0.757085 0.882957 0.694779 0.577778 0.174089 0.82449 0.375 0.687627 0.857715
0.797959 0.761134 0.34413 0.985714 0.413793 0.302605 0.515091 0.147177 0.139918 0.700413 0.472 0.181452 0.153535 0.253012 0.682377 0.949495 0.108216 0.191147 0.98374 0.403259 0.525253 0.893574 0.80202 0.55668 0.38809 0.096386 0.852525 0.214575 0.510204 0.862705 0.25355 0.054108
0.971429 0.512146 0.522267 0.118367 0.51927 0.296593 0.523139 0.284274 0.222222 0.32438 0.138 0.03629 0.567677 0.843373 0.311475 0.559596 0.771543 0.203219 0.640244 1.0 0.577778 0.863454 0.315152 0.759109 0.817248 0.60241 0.149495 0.722672 0.583673 0.461066 0.691684 0.825651
0.302041 0.44332 0.708502 0.046939 1.0 0.098196 0.651911 0.030242 0.065844 0.171488 0.268 0.030242 0.428283 0.955823 0.397541 0.40202 0.270541 0.830986 0.300813 0.236253 0.836364 0.767068 0.054545 0.404858 0.950719 0.662651 0.212121 0.522267 0.010204 0.190574 0.766734 0.462926
0.844898 1.0 0.321862 0.255102 0.805274 0.863727 0.050302 0.368952 0.615226 0.652893 0.602 0.427419 0.046465 0.843373 0.633197 0.808081 0.845691 0.921529 0.310976 0.293279 0.40202 0.686747 0.262626 0.951417 0.098563 0.700803 0.472727 0.910931 0.122449 0.913934 0.247465 0.390782
0.636735 0.285425 0.139676 0.422449 0.377282 0.216433 0.100604 0.340726 0.820988 0.890496 0.698 0.256048 0.379798 0.016064 0.282787 0.573737 0.288577 0.245473 0.304878 0.315682 0.268687 0.050201 0.723232 0.870445 0.332649 0.626506 0.707071 0.097166 0.253061 0.622951 0.344828 0.60521
0.173469 0.546559 0.882591 0.85102 0.131846 0.851703 0.179074 0.518145 0.3107 0.495868 0.91 0.280242 0.947475 0.080321 0.522541 0.759596 0.448898 1.0 0.71748 0.588595 0.828283 0.220884 0.084848 0.008097 0.552361 0.819277 0.345455 0.979757 0.477551 0.635246 0.843813 0.242485
0.022449 0.518219 0.259109 0.928571 0.515213 0.334669 0.641851 0.487903 0.94856 0.006198 0.098 0.004032 0.109091 0.192771 0.137295 0.606061 0.168337 0.752515 0.245935 0.562118 0.40404 0.148594 0.131313 0.145749 0.084189 0.190763 0.232323 0.491903 0.638776 0.577869 0.991886 0.486974
0.912245 0.024291 0.524291 0.142857 0.553753 0.745491 0.235412 0.469758 0.329218 0.485537 0.314 0.961694 0.945455 0.542169 0.047131 0.878788 0.847695 0.736419 0.70122 0.008147 0.143434 0.907631 0.919192 0.204453 0.342916 0.694779 0.90303 0.94332 0.397959 0.452869 0.346856 0.400802
0.904082 0.680162 0.601215 0.891837 0.255578 0.09018 0.899396 0.91129 0.04321 0.67562 0.696 0.006048 0.872727 0.315261 0.981557 0.169697 0.665331 0.645875 0.426829 0.949084 0.228283 0.941767 0.985859 0.572874 0.433265 0.463855 0.551515 0.564777 0.885714 0.596311 0.060852 0.298597
1.0 0.791498 1.0 0.618367 0.182556 0.849699 0.315895 0.185484 0.779835 0.838843 0.276 0.875 0.153535 0.925703 0.489754 0.393939 0.711423 0.573441 0.680894 0.437882 0.094949 0.985944 0.440404 0.959514 0.209446 0.542169 0.088889 0.479757 0.357143 0.952869 0.423935 0.991984
0.5 0.451417 0.708502 0.773469 0.064909 0.330661 0.533199 0.657258 0.119342 0.549587 0.484 0.683468 0.856566 0.696787 0.135246 0.464646 0.364729 0.519115 0.638211 0.529532 0.044444 0.777108 0.949495 0.97166 0.143737 0.483936 0.985859 0.212551 0.477551 0.704918 0.160243 0.258517
0.0 0.41498 0.117409 0.916327 0.346856 0.196393 0.857143 0.949597 0.141975 0.971074 0.792 0.637097 0.565657 0.437751 0.944672 0.347475 0.316633 0.468813 0.138211 0.348269 0.69697 0.24498 0.648485 0.0 0.449692 0.634538 0.254545 0.965587 0.779592 0.106557 0.48073 0.92986
0.973469 0.815789 0.348178 0.146939 0.221095 0.046092 0.237425 0.705645 0.207819 0.97314 0.152 0.826613 0.545455 0.833333 0.452869 0.448485 0.126253 0.046278 0.76626 0.266802 0.577778 0.004016 0.753535 0.305668 0.084189 0.144578 0.628283 0.283401 0.712245 0.965164 0.361055 0.687375
0.395918 0.004049 0.880567 0.634694 0.498986 0.895792 0.987928 0.205645 0.596708 0.192149 0.828 0.290323 0.113131 0.168675 0.942623 0.640404 0.53507 0.752515 0.691057 0.484725 0.141414 0.86747 0.672727 0.206478 0.244353 0.092369 0.486869 0.526316 0.612245 0.715164 0.350913 0.232465
0.167347 0.550607 0.95749 0.353061 0.655172 0.376754 0.7666 0.844758 0.676955 0.481405 0.612 0.336694 0.361616 0.094378 0.184426 0.145455 0.408818 0.225352 0.176829 0.421589 0.59596 0.062249 0.812121 0.242915 0.422998 0.919679 0.79798 0.165992 0.916327 0.036885 0.180527 0.917836
0.781633 0.993927 0.665992 0.771429 0.073022 0.681363 0.867203 0.84879 0.975309 0.845041 0.184 0.83871 0.49697 0.267068 0.653689 0.791919 0.701403 0.054326 0.262195 0.633401 0.589899 0.068273 0.062626 0.402834 0.909651 0.106426 0.511111 0.0 0.15102 0.631148 0.397566 0.905812
0.242857 0.410931 0.927126 0.434694 0.026369 0.951904 0.241449 0.784274 0.255144 0.018595 0.298 0.53629 0.391919 0.5 0.938525 0.135354 0.647295 0.432596 0.436992 0.262729 0.454545 0.921687 0.921212 0.489879 0.749487 0.981928 0.294949 0.993927 0.657143 0.32377 0.545639 0.340681
0.244898 0.129555 0.597166 0.065306 0.799189 0.232465 0.927565 0.427419 0.796296 0.853306 0.158 0.366935 0.216162 0.598394 0.016393 0.830303 0.182365 0.43662 0.585366 0.458248 0.442424 0.162651 0.034343 0.682186 0.396304 0.98996 0.581818 0.350202 0.240816 0.913934 0.590264 0.567134
0.697959 0.425101 0.297571 0.987755 0.926978 0.054108 0.507042 0.707661 0.283951 0.510331 0.958 0.522177 0.521212 0.202811 0.741803 0.155556 0.639279 0.376258 0.678862 0.289206 0.638384 0.184739 0.369697 0.040486 0.63039 0.7751 0.377778 0.459514 0.485714 0.780738 0.689655 0.641283
0.687755 0.708502 0.174089 0.422449 0.235294 0.47495 0.521127 0.5625 0.895062 0.390496 0.5 0.933468 0.010101 0.564257 0.579918 0.991919 0.06012 0.732394 0.471545 0.89613 0.414141 0.835341 0.420202 0.532389 0.01232 0.389558 0.636364 0.336032 0.383673 0.692623 0.308316 0.729459
0.57551 0.807692 0.935223 0.628571 0.53144 0.90982 0.927565 0.903226 0.211934 0.095041 0.334 0.457661 0.092929 0.329317 0.129098 0.684848 0.923848 0.054326 0.487805 0.653768 0.783838 0.48996 0.020202 0.502024 0.104723 0.570281 0.810101 0.935223 0.587755 0.135246 0.588235 0.124248
0.512245 0.619433 0.755061 0.746939 0.574037 0.374749 0.575453 0.959677 0.633745 0.502066 0.438 0.9375 0.577778 0.343373 0.717213 0.046465 0.294589 0.0 0.359756 0.124236 0.975758 0.86747 0.39596 0.062753 0.043121 0.684739 0.375758 0.969636 0.685714 0.127049 0.259635 0.773547
0.557143 0.368421 0.694332 0.444898 0.821501 0.569138 0.209256 0.118952 0.514403 0.995868 0.63 0.991935 0.228283 0.178715 0.139344 0.387879 0.124248 0.39839 0.323171 0.358452 0.517172 0.572289 0.266667 0.129555 0.794661 0.797189 0.959596 0.997976 0.536735 0.872951 0.98783 0.108216
0.202041 0.591093 0.668016 0.679592 0.107505 0.45491 0.828974 0.745968 0.90535 0.309917 0.734 0.502016 0.870707 0.345382 0.008197 0.010101 0.993988 0.195171 0.341463 0.698574 0.50303 0.88755 0.785859 0.204453 0.125257 0.150602 0.153535 0.882591 0.155102 0.178279 0.527383 0.957916
0.920408 0.451417 0.955466 0.659184 0.973631 0.12024 0.710262 0.181452 0.654321 0.615702 0.07 0.620968 0.183838 0.965863 0.114754 0.161616 0.226453 0.832998 0.317073 0.537678 0.460606 0.238956 0.244444 0.629555 0.554415 0.032129 0.915152 0.404858 0.44898 0.809426 0.586207 0.607214
0.483673 0.989879 0.32996 0.093878 0.610548 0.320641 0.885312 0.431452 0.109053 0.96281 0.102 0.762097 0.016162 0.012048 0.737705 0.353535 0.048096 0.995976 0.796748 0.598778 0.705051 0.214859 0.943434 0.894737 0.039014 0.813253 0.155556 0.176113 0.487755 0.413934 0.073022 0.863727
0.979592 0.163968 0.459514 0.165306 0.995943 0.833667 0.637827 0.346774 0.903292 0.22314 0.864 0.421371 0.183838 0.556225 0.502049 0.19596 0.873747 0.404427 0.829268 0.052953 0.268687 0.12249 0.068687 0.815789 0.13347 0.267068 0.177778 0.809717 0.765306 0.985656 0.586207 0.124248
0.967347 0.253036 0.817814 0.979592 0.574037 0.611222 0.054326 0.512097 0.193416 0.373967 0.698 0.324597 0.080808 0.791165 0.045082 0.757576 0.633267 0.49497 0.50813 0.10387 0.672727 0.911647 0.523232 0.621457 0.511294 0.351406 0.381818 0.435223 0.302041 0.635246 0.636917 0.372745
0.618367 0.44332 0.595142 0.522449 0.981744 0.937876 0.507042 0.83871 0.541152 0.913223 0.282 0.858871 0.29899 0.253012 0.540984 0.260606 0.911824 0.498994 0.977642 0.407332 0.2 1.0 0.967677 0.449393 0.010267 0.951807 0.044444 0.51417 0.546939 0.428279 0.492901 0.557114
0.406122 0.190283 0.076923 0.412245 0.805274 0.354709 0.044266 0.532258 0.975309 0.115702 0.936 0.675403 0.616162 0.564257 0.22541 0.941414 0.312625 0.712274 0.439024 0.346232 0.69697 0.156627 0.385859 0.111336 0.039014 0.923695 0.955556 0.172065 0.861224 0.008197 0.655172 0.50501
0.485714 0.311741 0.769231 0.144898 0.983773 0.284569 0.21328 0.824597 0.055556 0.849174 0.002 0.951613 0.907071 0.11245 0.928279 0.147475 0.733467 0.937626 0.363821 0.344196 0.206061 0.0 0.715152 0.275304 0.677618 0.644578 0.886869 0.607287 0.544898 0.510246 0.288032 0.248497
0.673469 0.417004 0.751012 0.3 0.292089 0.02004 0.38833 0.602823 0.117284 0.27686 0.604 0.91129 0.949495 0.51004 0.788934 0.361616 0.01002 0.706237 0.737805 0.325866 0.284848 0.748996 0.006061 0.238866 0.002053 0.560241 0.634343 0.91498 0.787755 0.209016 0.217039 0.008016
0.473469 0.08502 0.257085 0.871429 0.131846 0.645291 0.150905 0.304435 0.384774 0.419421 0.304 0.322581 0.363636 0.395582 0.059426 0.438384 0.156313 0.323944 0.45935 0.081466 0.749495 0.945783 0.99596 0.246964 0.190965 0.891566 0.969697 0.912955 0.038776 0.477459 0.866126 0.232465
0.967347 0.052632 0.182186 0.783673 0.716024 0.571142 0.569416 0.137097 0.82716 0.477273 0.0 0.084677 0.664646 0.526104 0.614754 0.789899 0.831663 0.380282 0.126016 0.885947 0.531313 0.096386 0.670707 0.020243 0.117043 0.03012 0.707071 0.103239 0.293878 0.89959 0.022312 0.643287
0.073469 0.364372 0.809717 0.161224 0.20284 0.300601 0.740443 0.752016 0.744856 0.338843 0.108 0.427419 0.309091 0.291165 0.780738 0.688889 0.364729 0.915493 0.869919 0.761711 0.121212 0.459839 0.656566 0.805668 0.010267 0.746988 0.418182 0.54251 0.830612 0.762295 0.192698 0.667335
0.357143 0.698381 0.232794 0.332653 0.596349 0.162325 0.752515 0.877016 0.446502 0.266529 0.774 0.72379 0.484848 0.240964 0.17623 0.454545 0.54509 0.269618 0.237805 0.358452 0.179798 0.271084 0.781818 0.787449 0.607803 0.662651 0.105051 0.98583 0.55102 0.356557 0.111562 0.975952
0.7 0.876518 0.963563 0.322449 0.740365 0.751503 0.215292 0.846774 0.987654 0.355372 0.572 0.655242 0.753535 0.777108 0.686475 0.711111 0.635271 0.217304 0.294715 0.537678 0.943434 0.238956 0.050505 0.572874 0.975359 0.160643 0.765657 0.856275 0.728571 0.284836 0.208925 0.931864
0.267347 0.275304 0.1417 0.559184 0.752535 0.617234 0.496982 0.092742 0.191358 0.840909 0.57 0.858871 0.937374 0.216867 0.141393 0.80202 0.98998 0.772636 0.971545 0.486762 0.09697 0.889558 0.054545 0.939271 0.924025 0.10241 0.088889 0.979757 0.383673 0.94877 0.525355 0.43487
0.222449 0.781377 0.87247 0.283673 0.598377 0.262525 0.01006 0.072581 0.119342 0.491736 0.598 0.191532 0.048485 0.504016 0.745902 0.123232 0.975952 0.752515 0.424797 0.242363 0.832323 1.0 0.945455 0.969636 0.796715 0.859438 0.517172 0.283401 0.661224 0.403689 0.05071 0.967936
0.304082 0.62753 0.082996 0.706122 0.259635 0.126253 0.082495 0.068548 0.452675 0.731405 0.842 0.903226 0.927273 0.931727 0.297131 0.539394 0.973948 0.513078 0.197154 0.386965 0.929293 0.582329 0.082828 0.020243 0.449692 0.493976 0.608081 0.111336 0.061224 0.10041 0.774848 0.342685
0.214286 0.299595 0.030364 0.955102 0.359026 0.066132 0.72837 0.217742 0.158436 0.78719 0.126 0.671371 0.541414 0.690763 0.315574 0.060606 0.947896 0.65996 0.284553 0.340122 0.20404 0.371486 0.577778 0.753036 0.98768 0.620482 0.389899 0.576923 0.4 0.586066 0.010142 0.895792
0.436735 0.0 0.834008 0.479592 0.225152 0.320641 0.828974 0.207661 0.407407 0.72314 0.966 0.782258 0.632323 0.491968 0.331967 0.90303 0.619238 0.676056 0.640244 0.10387 0.367677 0.39759 0.537374 0.394737 0.020534 0.39759 0.20404 0.447368 0.338776 0.090164 0.521298 0.396794
0.802041 0.020243 0.232794 0.004082 0.458418 0.278557 0.249497 0.818548 0.481481 0.35124 0.372 0.518145 0.688889 0.903614 0.815574 0.442424 0.887776 0.480885 0.195122 0.028513 0.737374 0.821285 0.670707 0.625506 0.25462 0.178715 0.921212 0.006073 0.334694 0.444672 0.78499 0.076152
0.457143 0.578947 0.593117 0.74898 0.298174 0.422846 0.478873 0.459677 0.230453 0.404959 0.774 0.03629 0.917172 0.582329 0.942623 0.781818 0.346693 0.61167 0.0 0.130346 0.181818 0.736948 0.70303 0.615385 0.129363 0.36747 0.634343 0.512146 0.987755 0.967213 0.703854 0.547094
0.455102 0.684211 0.082996 0.632653 0.993915 0.835671 0.396378 0.822581 0.927984 0.487603 0.66 0.429435 0.327273 0.875502 0.504098 0.630303 0.192385 0.587525 0.926829 0.947047 0.070707 0.891566 0.044444 0.439271 0.186858 0.74498 0.111111 0.327935 0.277551 0.54918 0.918864 0.993988
0.512245 0.621457 0.761134 0.434694 0.330629 0.290581 0.253521 0.278226 0.644033 0.595041 0.05 0.703629 0.278788 0.606426 0.868852 0.234343 0.663327 0.533199 0.969512 0.659878 0.482828 0.921687 0.414141 0.868421 0.652977 0.556225 0.713131 0.275304 0.606122 0.186475 0.578093 0.052104
0.218367 0.921053 0.230769 0.487755 0.598377 0.102204 0.167002 0.538306 0.329218 0.154959 0.434 0.219758 0.933333 0.180723 0.17623 0.40202 0.230461 0.873239 0.754065 0.637475 1.0 0.273092 0.086869 0.398785 0.334702 0.502008 0.230303 0.738866 0.093878 0.991803 0.697769 0.314629
0.640816 0.815789 0.15587 0.318367 0.129817 0.334669 0.478873 0.699597 0.213992 0.448347 0.06 0.278226 1.0 0.341365 0.10041 0.674747 0.282565 0.714286 0.747967 0.395112 0.652525 0.124498 0.828283 0.052632 0.2423 0.855422 0.450505 0.261134 0.287755 0.008197 0.8357 0.232465
0.871429 0.05668 0.694332 0.273469 0.391481 0.192385 0.074447 0.550403 0.372428 0.305785 0.542 0.743952 0.925253 0.855422 0.260246 0.911111 0.180361 0.253521 0.398374 0.295316 0.967677 0.562249 0.472727 0.653846 0.172485 0.779116 0.216162 0.716599 0.418367 1.0 0.093306 0.406814
0.242857 0.62753 0.94332 0.918367 0.529412 0.208417 0.464789 0.27621 0.069959 0.289256 0.154 0.217742 0.676768 0.487952 0.987705 0.474747 0.348697 0.008048 0.398374 0.484725 0.014141 0.022088 0.616162 0.925101 0.839836 0.154618 0.038384 0.226721 0.506122 0.89959 0.51927 0.623246
0.763265 0.544534 0.447368 0.8 0.184584 0.691383 0.229376 0.177419 0.683128 0.758264 0.648 0.145161 0.686869 0.73494 0.436475 0.325253 0.028056 0.21328 0.916667 0.046843 0.658586 0.706827 0.660606 0.597166 0.13347 0.483936 0.410101 0.516194 0.363265 0.743852 0.74645 0.158317
0.269388 0.352227 0.188259 0.295918 0.172414 0.300601 0.430584 0.653226 0.397119 0.340909 0.326 0.754032 0.505051 0.088353 0.594262 0.755556 0.543086 0.839034 0.815041 0.228106 0.018182 0.02008 0.363636 0.908907 0.141684 0.046185 0.581818 0.98583 0.320408 0.52459 0.872211 0.907816
0.165306 0.864372 0.884615 0.987755 0.131846 0.378758 0.243461 0.91129 0.602881 0.696281 0.7 0.923387 0.69697 0.528112 0.645492 0.945455 0.809619 0.810865 0.237805 0.790224 0.735354 0.104418 0.373737 0.368421 0.940452 0.981928 0.139394 0.293522 0.134694 0.022541 0.407708 0.168337
0.102041 0.791498 0.17004 0.006122 0.811359 0.478958 0.810865 0.534274 0.584362 0.609504 0.454 0.590726 0.254545 0.481928 0.118852 0.157576 0.432866 0.605634 0.085366 0.138493 0.042424 0.98996 0.894949 0.465587 0.400411 0.240964 0.630303 0.781377 0.32449 0.008197 0.588235 0.0
0.82449 0.993927 0.773279 0.526531 0.409736 0.731463 0.509054 0.957661 0.59465 0.77686 0.104 0.798387 0.533333 0.385542 0.477459 0.810101 0.785571 0.891348 0.802846 0.91446 0.282828 0.981928 0.769697 0.299595 0.599589 0.453815 0.60404 0.323887 0.916327 0.264344 0.085193 0.158317
0.2 0.481781 0.568826 0.6 0.322515 0.172345 0.519115 0.092742 0.248971 0.022727 0.146 0.403226 0.432323 0.251004 0.956967 0.280808 0.611222 0.859155 0.579268 0.759674 0.210101 0.477912 0.925253 0.346154 0.36345 0.220884 0.060606 0.483806 0.279592 0.854508 0.541582 0.589178
0.926531 0.690283 0.821862 0.271429 0.245436 0.388778 0.195171 0.659274 0.273663 0.243802 0.816 0.5625 0.585859 0.905622 0.305328 0.446465 0.755511 0.478873 0.339431 0.971487 0.264646 0.905622 0.614141 0.860324 0.271047 0.544177 0.153535 0.004049 0.589796 0.538934 0.957404 0.853707
0.04898 0.47166 0.90081 0.236735 0.860041 0.699399 0.420523 0.75 0.380658 0.539256 0.48 0.995968 0.521212 0.666667 0.747951 0.159596 0.793587 0.967807 0.373984 0.409369 0.650505 0.144578 0.179798 0.331984 0.162218 0.600402 0.850505 0.105263 0.136735 0.598361 0.342799 0.402806
0.008163 0.145749 0.149798 0.32449 0.74645 0.270541 0.665996 0.584677 0.417695 0.52686 0.828 0.443548 0.185859 0.423695 0.877049 0.593939 0.977956 0.080483 0.695122 0.989817 0.521212 0.692771 0.0 0.649798 0.232033 0.700803 0.373737 0.827935 0.995918 0.133197 0.06288 0.791583
0.467347 0.37247 0.700405 0.887755 0.572008 0.875752 0.808853 0.076613 0.421811 0.495868 0.218 0.417339 0.088889 0.961847 0.815574 0.408081 0.202405 0.684105 0.026423 0.641548 0.694949 0.65261 0.440404 0.708502 0.178645 0.909639 0.565657 0.621457 0.202041 0.965164 0.269777 0.458918
0.277551 0.967611 0.378543 0.130612 0.815416 0.995992 0.158954 0.179435 0.609053 0.382231 0.044 0.479839 0.446465 0.783133 0.92623 0.781818 0.428858 0.364185 0.642276 0.482688 0.743434 0.287149 0.086869 0.216599 0.283368 0.53012 0.490909 0.45749 0.7 0.168033 0.496957 0.683367
0.061224 0.376518 0.323887 0.142857 0.716024 1.0 0.597586 0.689516 0.259259 0.229339 0.072 0.395161 0.563636 0.345382 0.319672 0.826263 0.452906 0.05835 0.72561 0.822811 0.111111 0.136546 0.058586 0.917004 0.521561 0.580321 0.20202 0.220648 0.4 0.764344 0.697769 0.751503
0.059184 0.346154 0.799595 0.991837 0.097363 0.398798 0.344064 0.969758 0.502058 0.475207 0.168 0.183468 0.286869 0.473896 0.920082 0.59798 0.799599 0.225352 0.052846 0.321792 0.042424 0.138554 0.832323 0.925101 0.940452 0.0 0.949495 0.47166 0.822449 0.944672 0.551724 0.162325
0.714286 0.787449 0.354251 0.57551 0.855984 1.0 0.338028 0.925403 0.866255 0.086777 0.074 0.792339 0.763636 0.837349 0.518443 0.232323 0.553106 0.098592 0.243902 0.922607 0.115152 0.12249 0.543434 0.538462 0.73922 0.576305 0.179798 0.350202 0.977551 0.217213 0.302231 0.232465
0.442857 0.550607 0.59919 0.112245 0.813387 0.721443 0.076459 0.548387 0.0 0.004132 0.406 0.941532 0.030303 0.034137 0.235656 0.89899 0.260521 0.382294 0.060976 0.678208 0.284848 0.815261 0.585859 0.783401 0.542094 0.028112 0.016162 0.370445 0.222449 0.903689 0.336714 0.797595
0.065306 0.107287 0.876518 0.971429 0.397566 0.358717 0.651911 0.820565 0.098765 0.21281 0.94 0.546371 0.020202 0.849398 0.620902 0.137374 0.466934 0.503018 0.430894 0.576375 0.759596 0.363454 0.858586 0.917004 0.162218 0.596386 0.521212 0.708502 0.140816 0.754098 0.204868 0.569138
0.785714 0.224696 0.202429 1.0 0.150101 0.931864 0.631791 0.137097 0.427984 0.409091 0.188 0.0 0.183838 0.927711 0.352459 0.171717 1.0 0.50503 0.546748 0.03666 0.345455 0.929719 0.70101 0.410931 0.402464 0.746988 0.147475 0.111336 0.618367 0.860656 0.046653 0.122244
0.918367 0.380567 0.775304 0.27551 0.150101 0.947896 0.959759 0.879032 0.940329 0.46281 0.568 0.828629 0.630303 0.092369 0.120902 0.573737 0.396794 0.440644 0.392276 0.016293 0.313131 0.592369 0.450505 0.157895 0.295688 0.674699 0.854545 0.139676 0.495918 0.534836 0.344828 0.1002
0.810204 0.969636 0.010121 0.804082 0.679513 0.853707 0.847082 0.856855 0.253086 0.289256 0.37 0.697581 0.505051 0.855422 0.760246 0.032323 0.59519 0.804829 0.815041 0.291242 0.092929 0.628514 0.919192 0.811741 0.406571 0.471888 0.00404 0.961538 0.318367 0.944672 0.275862 0.587174
0.806122 0.145749 0.791498 0.334694 0.146045 0.108216 0.619718 0.191532 0.454733 0.299587 0.776 0.719758 0.0 0.7249 0.543033 0.666667 0.847695 0.569416 0.821138 0.052953 0.775758 0.514056 0.163636 0.825911 0.700205 0.845382 0.058586 0.087045 0.846939 0.657787 0.186613 0.629259
0.891837 0.032389 0.176113 0.536735 0.793103 0.639279 0.61167 0.453629 0.580247 0.605372 0.75 0.979839 0.072727 0.439759 0.829918 0.208081 0.635271 0.239437 0.924797 0.531568 0.535354 0.327309 0.438384 0.224696 0.895277 0.961847 0.941414 0.38664 0.830612 0.469262 0.26572 0.523046
0.742857 0.846154 0.32996 0.985714 0.490872 0.0 0.877264 1.0 0.816872 0.126033 0.408 0.199597 0.359596 0.477912 0.741803 0.919192 0.044088 0.368209 0.304878 0.433809 0.551515 0.927711 0.119192 0.425101 0.599589 0.343373 0.957576 0.95749 0.818367 0.14959 0.651116 0.400802
0.134694 0.65587 0.17004 0.306122 0.174442 0.170341 0.364185 0.915323 0.602881 0.758264 0.346 0.41129 0.553535 0.941767 0.239754 0.226263 0.567134 0.277666 0.863821 0.232179 0.139394 0.572289 0.29899 0.42915 0.457906 0.616466 0.363636 0.546559 0.816327 0.270492 0.302231 0.733467
0.912245 0.751012 0.263158 0.934694 0.452333 0.372745 0.617706 0.981855 0.078189 0.758264 0.318 0.502016 0.436364 0.02008 0.881148 0.707071 0.53507 0.279678 0.469512 0.0 0.919192 0.807229 0.454545 0.451417 0.607803 0.534137 0.917172 0.560729 0.810204 0.952869 0.444219 0.240481
0.642857 0.390688 0.425101 0.083673 0.563895 0.579158 0.056338 0.235887 0.800412 0.18595 0.576 0.379032 0.80404 0.058233 0.098361 0.549495 0.164329 0.798793 0.363821 0.875764 0.860606 0.748996 0.612121 0.461538 0.765914 0.259036 0.866667 0.548583 0.12449 0.770492 0.042596 0.995992
0.77551 0.52834 0.663968 0.067347 0.0 0.779559 0.849095 0.114919 0.804527 0.237603 0.254 0.201613 0.878788 0.917671 0.139344 0.410101 0.118236 0.120724 0.595528 0.287169 0.064646 0.97992 0.965657 0.289474 0.01848 0.88755 0.59596 0.295547 0.140816 0.735656 0.849899 1.0
0.538776 0.301619 0.601215 0.618367 0.239351 0.61523 0.897384 0.294355 0.388889 0.173554 0.662 1.0 0.729293 0.823293 0.831967 0.80404 0.342685 0.478873 0.439024 0.708758 0.375758 0.050201 0.99596 0.149798 0.792608 0.560241 0.246465 0.030364 0.253061 0.762295 0.906694 0.60521
0.979592 0.506073 0.953441 0.071429 0.866126 0.014028 0.160966 0.969758 0.281893 0.173554 0.048 0.048387 0.206061 0.016064 0.260246 0.183838 0.498998 0.004024 0.485772 0.873727 0.894949 0.863454 0.230303 0.08502 0.544148 0.431727 0.290909 0.038462 0.0 0.581967 0.740365 0.186373
0.022449 0.651822 0.338057 0.44898 0.300203 0.997996 0.837022 0.586694 0.954733 0.72314 0.764 0.780242 0.816162 0.60241 0.32377 0.381818 0.300601 0.851107 0.833333 0.242363 0.262626 0.975904 0.240404 0.311741 0.229979 0.47992 0.975758 0.11336 0.057143 0.534836 0.845842 0.354709
0.310204 0.362348 0.200405 0.077551 0.259635 0.991984 0.277666 0.604839 0.895062 0.578512 0.918 0.564516 0.246465 0.493976 0.52459 0.838384 0.599198 0.758551 0.333333 0.046843 0.973737 0.343373 0.563636 0.060729 0.49076 0.554217 0.032323 0.182186 0.430612 0.586066 0.527383 0.032064
0.032653 0.657895 0.008097 0.253061 0.308316 0.537074 0.750503 0.919355 0.372428 0.481405 0.742 0.326613 0.529293 0.072289 0.295082 0.220202 0.422846 0.2334 0.678862 0.643585 0.119192 0.299197 0.709091 0.327935 0.607803 0.024096 0.880808 0.682186 0.581633 0.932377 0.59432 0.987976
0.387755 0.388664 0.908907 0.62449 0.716024 0.635271 0.571429 0.5625 0.174897 0.619835 0.696 0.038306 0.848485 0.405622 0.231557 0.094949 0.669339 0.812877 0.172764 0.633401 0.541414 0.373494 0.472727 0.969636 0.893224 0.401606 0.806061 0.461538 0.869388 0.52459 0.334686 0.0
0.955102 0.153846 0.550607 0.318367 0.462475 0.621242 0.21328 0.504032 0.323045 0.088843 0.314 0.554435 0.020202 0.584337 0.381148 0.547475 0.144289 0.325956 0.170732 0.86558 0.032323 0.082329 0.955556 0.135628 0.043121 0.52008 0.763636 0.769231 0.087755 0.559426 0.452333 0.769539
0.436735 0.532389 0.147773 0.667347 0.93712 0.975952 0.303823 0.850806 0.353909 0.03719 0.476 0.870968 0.765657 0.449799 0.092213 0.507071 0.222445 0.991952 0.912602 0.185336 0.545455 0.506024 0.349495 0.180162 0.607803 0.407631 1.0 0.6417 0.893878 0.69877 0.346856 0.931864
0.506122 0.734818 0.95749 0.020408 0.401623 0.014028 0.362173 0.268145 0.664609 0.38843 0.322 0.135081 0.462626 0.14257 1.0 0.729293 0.262525 0.949698 0.876016 0.780041 0.49697 0.963855 0.646465 0.989879 0.063655 0.823293 0.460606 0.95749 0.383673 0.645492 0.425963 0.881764
0.671429 0.087045 0.720648 0.397959 0.679513 0.637275 0.390342 0.675403 0.664609 0.301653 0.89 0.252016 0.610101 0.708835 0.588115 0.721212 0.150301 0.265594 0.495935 0.150713 0.028283 0.184739 0.327273 0.204453 0.349076 0.65261 0.141414 0.431174 0.932653 0.329918 0.647059 0.480962
0.012245 0.546559 0.937247 0.669388 0.083164 0.098196 0.782696 0.59879 0.109053 0.915289 0.148 0.649194 0.844444 0.383534 0.493852 0.242424 0.476954 0.820926 0.813008 0.342159 0.981818 0.785141 0.977778 0.702429 0.936345 0.134538 0.127273 0.137652 0.422449 0.446721 0.0 0.07014
0.785714 0.493927 0.360324 0.738776 0.630832 0.056112 0.84507 0.270161 0.833333 0.169421 0.884 0.056452 0.713131 0.108434 0.196721 0.430303 0.312625 0.16499 0.621951 0.040733 0.016162 0.39759 0.377778 0.176113 0.158111 0.355422 0.993939 0.775304 0.330612 0.036885 0.008114 0.380762
0.042857 0.07085 0.953441 0.079592 0.01217 0.997996 0.0 0.568548 0.024691 0.807851 0.828 0.08871 0.262626 0.467871 0.165984 0.193939 0.492986 0.052314 0.404472 0.928717 0.072727 0.198795 0.494949 0.931174 0.0 0.220884 0.50101 0.222672 0.34898 0.331967 0.989858 0.378758
0.730612 0.714575 0.32996 0.410204 0.750507 0.9499 0.203219 0.320565 0.512346 0.466942 0.594 0.016129 0.69697 0.459839 0.286885 0.082828 0.084168 0.094567 0.386179 0.879837 0.044444 0.658635 0.151515 0.024291 0.650924 0.389558 0.456566 0.854251 0.322449 0.563525 0.772819 0.9499
