0.885246 0.358149 0.606122 0.020243 0.194093 0.63 0.419552 0.656504 0.423554 0.255533 0.31893 0.464213 0.727642 0.907527 0.420382 0.1625
0.391393 0.84507 0.726531 0.103239 0.706751 0.986 0.07943 0.841463 0.442149 0.722334 0.604938 0.539877 0.497967 0.421505 0.0 0.00625
0.053279 0.0 0.926531 0.244939 0.93038 0.572 0.293279 0.691057 0.785124 0.189135 0.135802 0.531697 0.067073 0.077419 0.397028 0.735417
0.893443 1.0 0.171429 0.605263 0.748945 0.146 0.083503 0.776423 0.721074 0.088531 0.44856 0.867076 0.097561 0.156989 0.719745 0.63125
0.745902 0.794769 0.263265 0.145749 0.765823 0.882 0.356415 0.27439 0.956612 0.32998 0.481481 0.294479 0.666667 0.077419 0.501062 0.327083
0.317623 0.042254 0.183673 0.319838 0.308017 0.676 0.386965 0.058943 0.440083 0.756539 0.49177 0.169734 0.573171 0.193548 0.437367 0.879167
0.235656 0.167002 0.414286 0.987854 0.976793 0.926 0.700611 0.296748 0.568182 0.299799 0.709877 0.404908 0.810976 0.567742 0.547771 0.089583
0.520492 0.609658 0.757143 0.674089 0.537975 1.0 0.509165 0.898374 0.557851 0.50503 0.808642 0.441718 0.939024 0.516129 0.210191 0.570833
0.768443 0.362173 0.638776 0.384615 0.172996 0.504 0.179226 0.443089 0.311983 0.034205 0.565844 0.484663 0.997967 0.944086 0.248408 0.6625
0.190574 0.71831 0.177551 0.698381 0.913502 0.184 0.704684 0.829268 0.609504 0.020121 0.209877 0.204499 0.890244 0.935484 0.813163 0.05625
0.936475 0.060362 0.27551 0.803644 0.959916 0.622 0.641548 0.652439 0.576446 0.366197 0.230453 0.560327 0.668699 0.08172 0.976645 0.083333
0.870902 0.891348 0.793878 0.578947 0.147679 0.326 0.515275 0.317073 0.539256 1.0 0.257202 0.842536 0.768293 0.172043 0.685775 0.40625
0.54918 0.28169 0.314286 0.524291 0.327004 0.838 0.0 0.304878 0.669421 0.875252 0.619342 0.899796 0.193089 0.793548 0.346072 0.020833
0.206967 0.551308 0.769388 0.730769 1.0 0.872 0.217923 0.306911 0.270661 0.0 0.127572 0.873211 0.457317 0.393548 0.416136 0.579167
0.719262 0.808853 0.414286 0.987854 0.588608 0.856 0.164969 0.46748 0.382231 0.124748 0.411523 0.333333 0.672764 0.956989 0.866242 0.954167
0.442623 0.93159 0.571429 0.698381 0.770042 0.856 0.191446 0.642276 0.165289 0.625755 0.738683 0.648262 0.410569 0.494624 0.749469 0.641667
0.663934 0.400402 0.72449 0.647773 0.419831 0.752 1.0 0.908537 0.52686 0.748491 0.697531 0.865031 0.656504 0.210753 0.738854 0.897917
0.971311 0.571429 0.897959 0.947368 0.862869 0.076 0.580448 0.414634 0.88843 0.118712 0.446502 0.756646 0.827236 0.8 0.11465 0.870833
0.272541 0.018109 0.0 0.797571 0.529536 0.902 0.260692 0.554878 0.330579 0.209256 0.092593 0.817996 0.119919 0.129032 0.059448 0.535417
0.709016 0.861167 0.316327 0.890688 0.367089 0.258 0.790224 0.825203 0.283058 0.547284 0.300412 0.484663 0.184959 0.313978 0.658174 0.720833
0.452869 0.022133 1.0 0.840081 0.959916 1.0 0.503055 0.97561 0.615702 0.082495 0.763374 0.09816 0.038618 0.793548 0.214437 0.729167
0.32377 0.885312 0.746939 0.558704 0.740506 0.166 0.154786 0.254065 0.059917 0.794769 0.041152 0.985685 0.270325 0.017204 0.583864 0.479167
0.481557 0.344064 0.630612 0.17004 0.481013 0.404 0.077393 0.721545 0.140496 0.565392 0.09465 0.229039 0.087398 0.365591 0.581741 0.65625
0.262295 0.859155 0.412245 0.997976 0.601266 0.636 0.063136 0.605691 0.429752 0.60161 0.020576 0.562372 0.245935 0.15914 0.617834 0.179167
0.309426 0.201207 0.6 0.706478 0.890295 0.014 0.910387 0.5 0.010331 0.780684 0.253086 0.948875 0.115854 0.425806 0.186837 0.56875
0.971311 0.806841 0.883673 0.129555 0.537975 0.582 0.162933 0.930894 0.570248 0.95171 0.259259 0.402863 0.054878 0.258065 0.70913 0.697917
0.491803 0.730382 0.5 0.576923 0.586498 0.494 0.207739 0.461382 0.873967 0.450704 0.831276 0.278119 0.386179 0.645161 0.7431 0.158333
0.547131 0.857143 0.720408 0.42915 0.042194 0.156 0.521385 0.45122 0.334711 0.160966 0.613169 0.997955 0.621951 0.591398 0.254777 0.045833
0.768443 0.698189 0.222449 0.801619 0.698312 0.012 0.977597 0.439024 0.438017 0.227364 0.411523 0.777096 0.871951 0.331183 0.462845 0.658333
0.280738 0.474849 0.316327 0.054656 0.474684 0.068 0.590631 0.300813 0.02686 0.279678 0.164609 0.010225 0.231707 0.27957 0.571125 0.777083
0.913934 0.822938 0.644898 0.404858 0.301688 0.086 0.898167 0.947154 0.183884 0.549296 0.707819 0.435583 0.660569 0.604301 0.868365 0.441667
0.795082 0.305835 0.97551 0.793522 0.059072 0.866 0.684318 0.723577 0.894628 0.861167 0.199588 0.022495 0.764228 0.294624 0.193206 0.78125
0.383197 0.571429 0.026531 0.048583 0.765823 0.006 0.509165 0.613821 0.07438 0.352113 0.121399 0.572597 0.430894 0.653763 0.403397 0.002083
0.213115 0.953722 0.026531 0.040486 0.945148 0.88 0.313646 0.186992 0.239669 0.89336 0.393004 0.492843 0.349593 0.372043 0.163482 0.489583
0.0 0.167002 0.022449 0.935223 0.436709 0.278 0.389002 0.934959 0.86157 0.899396 0.91358 0.856851 0.684959 0.477419 0.191083 0.0875
0.471311 0.251509 0.679592 1.0 0.894515 0.444 0.784114 0.184959 0.330579 0.291751 0.989712 0.034765 0.461382 0.066667 0.205945 0.85
0.829918 0.207243 0.161224 0.690283 0.983122 0.892 0.089613 0.359756 0.252066 0.911469 0.728395 0.543967 0.737805 0.866667 0.836518 0.054167
0.288934 0.796781 0.246939 0.538462 0.301688 0.264 0.727088 0.723577 0.229339 0.549296 0.806584 0.928425 0.134146 0.724731 0.229299 0.129167
0.403689 1.0 0.032653 0.896761 0.208861 0.73 0.03666 0.977642 0.822314 0.521127 0.751029 0.858896 0.376016 0.737634 0.56051 0.947917
0.141393 0.440644 0.410204 0.84413 0.656118 0.872 0.130346 0.189024 0.289256 0.100604 0.04321 0.760736 0.447154 0.608602 0.346072 0.46875
0.452869 0.259557 0.785714 0.708502 0.50211 0.85 0.317719 0.020325 0.345041 0.21328 0.584362 0.717791 0.995935 0.963441 0.651805 0.30625
0.319672 0.070423 0.404082 0.477733 0.64346 0.596 0.197556 0.172764 0.409091 0.623742 0.823045 0.907975 0.95122 0.860215 0.118896 0.083333
0.479508 0.406439 0.716327 0.289474 0.694093 0.94 0.590631 0.136179 0.0 0.915493 0.971193 0.0 0.607724 0.886022 0.753715 0.102083
0.936475 0.645875 0.481633 0.702429 0.776371 0.838 0.765784 0.404472 0.252066 0.54326 0.615226 0.186094 0.130081 0.591398 0.091295 0.5375
0.020492 0.623742 0.220408 0.269231 0.50211 0.176 0.419552 0.172764 0.002066 0.173038 0.567901 0.214724 0.674797 0.060215 0.874735 0.485417
0.356557 0.758551 0.093878 0.190283 0.301688 0.618 0.702648 0.796748 0.159091 0.305835 0.390947 0.920245 0.022358 0.997849 0.097665 0.4875
0.436475 0.486922 0.914286 0.732794 0.120253 0.744 0.466395 0.506098 0.590909 0.148893 0.68107 0.807771 0.138211 0.516129 0.878981 0.295833
0.821721 0.818913 0.914286 0.706478 0.871308 0.722 0.405295 0.191057 1.0 0.987928 0.8107 0.550102 0.589431 0.610753 0.670913 0.302083
0.893443 0.682093 0.420408 0.465587 0.888186 0.264 0.527495 0.835366 0.092975 0.657948 0.358025 0.198364 0.638211 0.273118 0.456476 0.3375
0.469262 0.209256 0.079592 0.226721 0.364979 0.444 0.032587 0.093496 0.030992 0.199195 0.590535 0.92638 0.886179 0.075269 0.813163 1.0
0.276639 0.102616 0.722449 0.726721 0.293249 0.118 0.627291 0.79878 0.512397 0.354125 0.144033 0.891616 0.595528 1.0 0.471338 0.166667
0.206967 0.366197 0.879592 0.692308 0.0 0.526 0.757637 0.349593 0.28719 0.633803 0.417695 0.593047 1.0 0.131183 0.343949 0.883333
0.752049 0.404427 0.518367 0.582996 0.546414 0.502 0.708758 0.682927 0.801653 0.303823 0.082305 0.282209 0.247967 0.769892 0.426752 0.470833
0.069672 0.78672 0.504082 0.232794 0.533755 0.82 0.545825 0.186992 0.626033 0.37827 0.479424 0.754601 0.930894 0.610753 0.106157 0.7625
0.231557 0.014085 0.640816 0.319838 0.510549 0.888 0.331976 0.24187 0.214876 0.937626 0.460905 0.738241 0.75 0.948387 0.794055 0.00625
1.0 0.651911 0.140816 0.787449 0.656118 0.4 0.741344 0.085366 0.378099 0.205231 0.032922 0.408998 0.306911 0.604301 0.22293 0.554167
0.383197 0.305835 0.357143 0.917004 0.968354 0.274 0.425662 0.380081 0.400826 0.323944 0.860082 0.670757 0.786585 0.404301 0.626327 0.0
0.663934 0.943662 0.638776 0.240891 0.080169 0.974 0.539715 0.376016 0.359504 0.187123 0.609053 0.723926 0.565041 0.253763 0.18259 0.85625
0.971311 0.253521 0.836735 0.427126 0.012658 0.588 0.433809 0.345528 0.194215 0.694165 0.440329 0.811861 0.012195 0.602151 0.284501 0.627083
0.493852 0.810865 0.555102 0.698381 0.445148 0.93 0.767821 0.23374 0.11157 0.720322 0.839506 0.394683 0.865854 0.0 1.0 0.725
0.418033 0.738431 0.322449 0.512146 0.57173 0.416 0.494908 0.945122 0.907025 0.812877 0.952675 0.03681 0.29878 0.924731 0.951168 0.96875
0.848361 0.909457 0.04898 0.568826 0.318565 0.158 0.112016 0.006098 0.181818 0.525151 0.00823 0.147239 0.550813 0.496774 0.713376 0.895833
0.094262 0.336016 0.065306 0.417004 0.921941 0.09 0.682281 1.0 0.458678 0.782696 0.002058 0.05726 0.713415 0.587097 0.840764 0.404167
0.239754 0.062374 0.779592 0.811741 0.299578 0.006 0.804481 0.006098 0.53719 0.849095 0.0 0.97137 0.554878 0.539785 0.377919 0.39375
0.477459 0.995976 0.912245 0.635628 0.225738 0.404 0.105906 0.558943 0.169421 0.917505 0.851852 0.134969 0.487805 0.331183 0.949045 0.14375
0.870902 0.639839 0.255102 0.147773 0.063291 0.898 0.509165 0.487805 0.789256 0.108652 0.497942 0.374233 0.575203 0.458065 0.008493 0.704167
0.920082 0.959759 0.55102 0.281377 0.829114 0.656 0.389002 0.422764 0.070248 0.432596 0.220165 0.95501 0.680894 0.870968 0.63482 0.46875
0.905738 0.128773 0.063265 0.52834 0.64557 0.958 0.995927 0.506098 0.754132 0.839034 1.0 0.662577 0.621951 0.823656 0.008493 0.979167
0.715164 0.955734 0.873469 0.489879 0.597046 0.226 0.12831 0.247967 0.183884 0.939638 0.716049 0.907975 0.376016 0.552688 0.435244 0.225
0.877049 0.466801 0.806122 0.995951 0.191983 0.166 0.97556 0.012195 0.115702 0.959759 0.925926 0.09816 0.0 0.948387 0.356688 0.152083
0.254098 0.93159 0.826531 0.050607 0.470464 0.82 0.731161 0.96748 0.725207 0.708249 0.602881 0.374233 0.510163 0.686022 0.730361 0.202083
0.772541 0.080483 0.967347 0.722672 0.567511 0.578 0.183299 0.945122 0.783058 0.959759 0.277778 0.691207 0.752033 0.384946 0.326964 0.11875
0.979508 0.183099 0.973469 0.220648 0.400844 0.33 0.861507 0.428862 0.911157 0.750503 0.106996 0.490798 0.067073 0.167742 0.556263 0.00625
0.241803 0.189135 0.316327 0.910931 0.318565 0.0 0.040733 0.0 0.28719 0.183099 0.419753 0.130879 0.416667 0.550538 0.375796 0.572917
0.27459 0.921529 0.534694 0.0 0.523207 0.72 0.706721 0.229675 0.661157 0.450704 0.337449 0.658487 0.325203 0.688172 0.343949 0.125
0.706967 0.933602 0.728571 0.757085 0.308017 0.146 0.226069 0.073171 0.971074 0.515091 0.351852 1.0 0.72561 0.645161 0.26327 0.475
0.514344 0.114688 0.72449 0.868421 0.93038 0.964 0.98167 0.623984 0.582645 0.736419 0.174897 0.654397 0.477642 0.352688 0.384289 0.970833
0.434426 0.018109 0.04898 0.42915 0.580169 0.468 0.344196 0.778455 0.869835 0.452716 0.44856 0.08998 0.371951 0.477419 0.458599 0.802083
0.797131 0.424547 0.834694 0.368421 0.843882 0.254 0.044807 0.132114 0.878099 0.404427 0.522634 0.116564 0.079268 0.43871 0.760085 0.51875
0.215164 0.195171 0.704082 0.931174 0.362869 0.752 0.014257 0.00813 0.018595 0.581489 0.283951 0.952965 0.229675 0.655914 0.0 0.23125
