0.189691 0.916667 0.259414 0.069106 0.826923 0.943396 0.599572 0.165631
0.993814 0.254274 0.884937 0.623984 0.183761 0.995807 0.222698 0.412008
0.494845 0.027778 0.07113 0.168699 0.480769 0.09434 0.747323 0.944099
0.680412 0.288462 0.667364 0.762195 0.42735 0.522013 1.0 0.824017
0.0 0.247863 0.131799 0.630081 0.224359 0.863732 0.567452 0.122153
0.408247 0.510684 0.548117 0.74187 0.764957 0.115304 0.728051 0.89441
1.0 0.925214 0.849372 0.018293 0.358974 0.119497 0.466809 0.6294
1.0 0.153846 0.110879 0.026423 0.17094 0.324948 0.535332 0.434783
0.872165 0.600427 0.801255 0.534553 0.957265 0.459119 0.728051 0.745342
0.364948 0.735043 0.066946 0.170732 0.779915 0.429769 0.468951 0.530021
0.342268 0.08547 0.430962 0.520325 0.681624 0.851153 0.147752 0.010352
0.558763 0.412393 0.688285 0.473577 1.0 0.249476 0.96788 0.068323
0.334021 0.724359 0.711297 0.49187 0.83547 0.150943 0.980728 0.830228
0.193814 0.271368 0.719665 0.898374 0.0 0.538784 0.03212 0.627329
0.185567 0.938034 0.433054 0.695122 0.702991 0.90566 0.226981 0.687371
0.301031 1.0 0.253138 0.113821 0.617521 0.475891 0.0 0.385093
0.026804 0.126068 0.205021 0.0 0.068376 0.402516 0.327623 1.0
0.618557 0.967949 0.17364 0.802846 0.245726 0.08805 0.556745 0.983437
0.680412 0.425214 0.803347 0.833333 0.190171 0.264151 0.372591 0.443064
0.983505 0.239316 0.751046 0.873984 0.237179 1.0 0.029979 0.598344
0.614433 0.459402 1.0 0.426829 0.491453 0.098532 0.728051 0.111801
0.851546 0.014957 0.403766 0.434959 0.019231 0.685535 0.376874 0.614907
0.71134 0.557692 0.40795 0.191057 0.267094 0.976939 0.528908 0.186335
0.185567 0.0 0.556485 0.205285 0.873932 0.953878 0.991435 0.904762
0.894845 0.833333 0.238494 0.955285 0.933761 0.45283 0.361884 0.008282
0.360825 0.955128 0.353556 0.825203 0.162393 0.0 0.633833 0.616977
0.717526 0.190171 0.546025 0.063008 0.108974 0.909853 0.571734 0.6294
0.556701 0.82906 0.217573 0.010163 0.681624 0.528302 0.860814 0.424431
0.614433 0.696581 0.958159 0.865854 0.912393 0.524109 0.246253 0.565217
0.62268 0.429487 0.052301 0.995935 0.0 0.115304 0.944325 0.20911
0.045361 0.589744 0.372385 0.325203 0.470085 0.140461 0.740899 0.772257
0.894845 0.997863 0.788703 0.294715 0.162393 0.427673 0.443255 0.142857
0.212371 0.837607 0.723849 0.695122 0.846154 0.687631 0.736617 0.478261
0.83299 0.824786 0.453975 0.229675 0.92094 0.039832 0.539615 0.215321
0.272165 0.354701 0.228033 0.365854 0.066239 0.513627 0.102784 0.349896
0.352577 0.83547 0.824268 0.79878 0.643162 0.337526 0.263383 0.0
0.152577 0.384615 0.841004 1.0 0.004274 0.874214 0.190578 0.966874
0.426804 0.418803 0.0 0.54878 0.581197 0.36478 0.051392 0.807453
0.857732 0.130342 0.119247 0.98374 0.724359 0.903564 0.104925 0.074534
0.162887 0.5 0.702929 0.912602 0.790598 0.142558 0.910064 0.815735
