181 102 223 256 148 415 51 186 305 72 357 194 384 230 334 39 279 176 457 200 316 272 218 275 182 372 463 359 137 109 98 38
460 289 379 223 321 246 67 496 485 167 271 435 196 45 474 116 198 395 171 218 22 239 425 426 361 444 81 497 44 448 380 29
326 333 13 193 196 469 48 348 61 437 386 49 485 95 465 58 112 379 287 49 32 14 39 345 120 425 153 298 139 13 423 335
187 210 478 268 245 41 140 223 353 411 238 380 435 0 12 125 465 497 151 68 117 319 474 461 98 168 38 140 102 300 85 292
37 85 450 314 183 473 322 24 190 318 31 375 325 469 355 290 32 439 61 397 428 109 173 89 35 285 489 108 447 1 429 326
130 302 127 412 382 67 167 318 336 71 41 233 456 359 97 401 29 471 214 435 348 5 344 430 187 477 251 477 10 23 495 94
122 362 180 328 312 326 402 215 50 89 274 56 240 35 416 285 95 206 329 476 314 493 245 340 228 450 397 108 181 431 455 55
106 16 273 42 149 280 208 473 458 355 149 307 332 226 308 37 250 327 391 327 437 308 361 218 45 218 432 364 365 206 100 248
324 96 134 141 479 436 262 116 140 137 31 14 262 219 338 459 327 141 378 250 291 12 13 374 469 403 271 194 205 380 210 272
240 163 170 450 25 193 271 337 129 17 109 425 185 385 402 192 211 145 224 349 362 108 97 234 116 42 13 246 185 368 347 184
294 351 185 206 300 180 428 68 450 85 59 327 465 384 141 284 138 214 407 86 299 401 282 446 464 466 287 249 148 122 115 112
329 357 277 428 352 349 95 200 481 154 157 140 299 258 261 176 114 333 356 187 131 97 115 75 233 486 182 458 338 421 466 352
215 435 431 370 185 231 56 373 98 485 450 418 123 93 348 215 21 145 362 315 471 56 316 146 405 383 457 489 337 218 419 14
80 103 356 205 271 336 243 397 492 243 434 425 174 17 20 401 457 322 466 7 96 241 164 288 100 136 179 16 213 333 362 84
477 115 448 10 194 336 493 15 418 477 244 123 361 389 329 34 199 52 20 195 23 80 53 430 119 192 78 261 430 112 212 254
417 272 385 307 429 312 264 323 354 263 201 210 415 168 162 20 499 211 150 402 206 349 113 494 335 79 397 289 263 183 363 367
395 446 141 278 53 414 322 275 199 490 225 64 211 384 242 250 275 158 26 239 434 145 497 254 472 103 456 262 68 146 478 15
77 110 250 274 100 450 341 444 334 167 250 130 27 407 435 17 176 103 56 322 359 17 11 499 28 236 131 273 438 193 247 40
195 278 97 284 104 488 272 328 211 211 343 128 394 443 149 45 256 372 72 19 213 289 114 93 491 476 338 25 213 101 411 272
324 84 323 270 334 142 252 5 492 372 483 53 76 209 290 271 154 105 185 85 76 63 72 338 407 212 300 328 190 250 318 222
400 294 4 18 380 368 203 470 132 87 172 347 37 245 496 458 366 387 478 268 217 489 137 230 96 419 134 91 83 288 463 29
372 6 420 149 40 451 262 202 224 280 6 222 249 210 50 295 347 259 457 383 78 81 32 19 448 499 326 170 208 485 190 171
184 369 57 126 249 472 218 3 257 363 194 272 82 308 143 104 49 433 231 396 115 285 327 393 41 329 262 384 442 165 405 117
74 454 244 481 15 367 197 386 95 241 413 179 377 379 447 393 183 273 204 277 86 201 80 481 461 325 41 289 96 50 428 497
25 99 125 100 366 188 38 84 213 385 82 383 474 441 385 172 112 451 364 411 255 56 288 266 169 43 44 439 320 255 254 44
323 342 238 198 414 370 72 426 96 128 2 108 373 32 78 235 341 30 410 302 83 491 355 330 332 231 249 88 152 159 227 115
102 51 241 360 370 134 489 374 438 175 493 255 405 194 498 106 312 294 122 119 184 205 150 66 80 410 315 45 99 385 159 103
45 57 368 343 315 233 166 52 86 198 226 301 184 124 92 93 147 355 432 160 17 9 353 317 46 287 62 188 343 325 41 427
162 181 223 264 68 87 392 398 412 366 61 147 55 149 243 239 171 465 442 130 477 9 219 147 459 18 347 348 42 260 378 159
124 44 405 331 218 483 500 20 242 105 118 268 23 34 40 407 152 284 93 491 397 184 155 190 206 360 90 3 291 137 198 352
168 405 184 12 483 173 398 486 249 214 219 282 375 249 485 431 147 220 176 436 163 32 423 379 462 490 130 447 232 128 20 340
433 141 107 302 366 0 73 279 95 478 173 137 338 370 390 41 339 425 377 167 139 43 430 40 377 207 325 93 300 250 443 426
83 168 308 245 391 398 256 335 404 216 200 444 277 187 417 293 71 349 117 394 232 390 208 39 162 19 1 203 158 117 151 110
373 445 82 276 274 43 408 292 231 379 500 397 359 72 412 137 23 409 406 292 312 65 143 178 233 129 121 111 200 266 218 118
81 133 422 415 259 180 149 0 71 443 467 104 299 358 243 340 256 332 51 453 387 7 18 389 193 114 147 387 497 314 434 223
81 362 178 438 225 467 185 343 113 14 74 320 39 344 92 38 112 397 326 159 36 28 444 76 67 417 361 175 171 473 472 256
259 331 320 338 243 392 284 321 90 235 71 100 176 464 280 473 447 72 475 35 32 323 467 315 93 202 251 65 409 5 49 270
184 312 194 251 47 196 226 197 316 447 466 28 115 323 209 8 216 356 230 73 345 261 148 294 250 197 61 359 490 39 414 384
123 383 47 56 226 90 453 305 262 415 126 337 4 15 205 219 130 363 317 103 172 406 88 436 364 194 34 416 191 259 417 171
465 481 228 364 489 33 234 95 419 244 88 396 176 215 219 234 195 185 51 258 166 102 491 324 308 376 349 281 380 483 476 182
425 374 330 481 163 60 360 476 480 99 282 492 78 274 82 208 51 487 106 61 418 76 163 455 71 171 323 460 456 230 43 31
310 432 248 24 306 438 349 389 294 110 486 343 115 463 220 146 331 482 185 77 147 223 248 426 323 122 58 286 250 454 142 298
274 138 377 221 59 350 253 43 278 183 295 264 107 223 109 479 439 312 33 445 294 349 256 287 250 40 173 195 356 155 363 124
133 434 255 289 25 258 225 342 470 80 63 128 380 254 373 112 17 39 69 147 304 473 16 53 377 37 202 459 360 422 447 348
91 286 89 284 194 1 374 415 194 345 259 154 59 45 106 368 403 352 458 85 255 438 286 420 23 469 63 96 237 2 98 306
14 216 260 304 116 430 174 239 300 327 206 65 189 162 40 255 98 268 236 166 362 335 69 127 292 473 60 147 31 216 450 24
100 262 32 204 237 20 110 462 205 442 213 408 437 314 284 491 308 228 131 424 112 363 344 231 140 24 263 25 336 413 10 289
304 221 457 425 335 17 415 66 160 290 426 440 359 120 146 164 432 285 53 102 411 355 458 362 345 263 462 144 150 252 290 220
422 4 461 77 339 54 450 422 123 141 318 220 123 65 110 202 275 441 282 324 410 118 328 238 220 171 83 48 274 127 448 474
439 167 42 446 173 231 16 6 494 245 331 125 229 486 142 140 493 95 269 217 85 93 178 27 64 362 178 404 265 141 227 69
315 493 445 163 228 108 188 116 47 395 63 264 138 58 147 360 460 379 329 100 22 442 272 273 379 435 423 310 452 278 319 208
205 487 87 331 312 213 92 255 240 498 456 9 94 99 373 280 36 372 492 127 4 438 308 245 84 438 67 413 269 171 429 457
73 415 47 366 208 372 444 478 464 425 335 487 386 181 459 491 427 274 167 367 449 342 173 249 218 180 376 284 330 318 163 108
146 171 422 8 406 253 232 481 72 50 322 378 138 163 388 8 84 426 476 123 207 173 40 400 329 445 471 293 420 194 67 470
384 276 53 435 240 414 389 76 368 432 331 284 83 498 200 233 9 373 433 466 116 241 384 100 238 410 383 153 481 199 156 76
43 302 424 454 7 180 169 384 130 482 72 274 461 256 17 359 206 80 330 361 309 311 280 60 197 83 362 346 398 309 470 318
314 201 417 138 334 191 45 398 272 364 406 394 312 162 486 305 170 476 359 473 482 246 348 382 213 272 156 118 249 277 92 201
84 270 35 344 404 316 188 485 187 247 256 26 173 345 437 97 98 257 342 224 448 156 440 244 464 172 137 270 443 283 141 89
187 37 89 400 409 441 286 404 482 272 184 10 217 109 27 152 462 298 200 150 73 358 387 210 304 346 198 327 147 339 392 178
395 299 374 13 423 216 102 369 321 33 254 409 37 401 86 63 186 295 96 479 392 131 327 258 214 119 372 421 469 369 185 266
80 291 338 48 126 63 483 438 236 113 392 113 302 275 386 442 197 355 449 47 227 124 28 429 229 418 54 492 60 213 330 368
313 457 429 318 368 142 289 22 130 161 353 274 221 442 457 152 234 15 296 18 249 121 120 134 80 16 342 31 109 452 425 259
51 266 86 154 351 18 477 104 56 414 171 138 314 49 106 35 419 444 296 183 377 52 474 43 355 83 119 217 409 361 180 385
158 320 102 243 288 230 458 445 169 247 392 9 320 12 240 1 77 500 322 159 362 213 319 340 462 136 251 131 146 86 168 201
405 93 23 20 264 29 214 223 14 201 292 360 121 399 488 496 0 316 94 14 437 404 219 214 164 437 432 173 399 77 101 429
82 270 311 476 57 384 174 20 335 127 168 408 477 329 255 481 332 339 230 407 335 21 431 130 208 400 268 91 417 230 323 413
410 240 408 400 248 217 121 391 182 492 366 83 448 264 494 276 357 235 184 306 96 66 371 258 407 223 463 196 306 339 18 284
176 394 32 129 299 149 481 174 359 341 146 309 411 72 360 395 60 62 274 222 247 134 245 118 341 330 124 274 477 142 270 241
146 181 151 176 359 19 497 179 467 99 175 88 105 293 143 471 241 132 55 267 304 306 56 318 481 119 384 115 41 208 324 293
190 302 368 5 308 100 329 266 410 87 296 456 260 108 161 219 326 74 91 395 267 289 181 379 434 347 287 89 411 184 341 428
398 380 174 488 211 151 259 73 76 353 236 91 79 126 345 471 54 98 484 205 264 446 399 280 193 49 423 109 257 422 127 27
483 257 262 63 263 148 263 141 116 171 69 19 284 420 164 278 385 104 315 498 290 431 158 380 402 301 75 360 293 226 343 412
155 223 354 28 500 49 327 15 40 97 134 16 215 476 206 200 135 416 148 123 418 383 29 205 467 331 106 261 12 94 380 231
421 498 163 130 404 431 28 183 307 330 301 213 26 420 321 401 422 461 153 151 203 343 132 475 52 350 235 453 67 447 124 195
319 145 73 212 193 108 53 169 407 445 349 128 191 8 150 285 144 125 150 162 137 26 360 435 166 313 351 51 131 305 172 302
92 274 440 422 72 425 92 257 159 254 455 140 472 40 267 377 224 500 353 296 414 111 44 9 273 409 172 487 241 311 418 121
18 260 132 460 261 167 322 242 469 17 49 3 57 96 79 301 84 377 121 283 204 75 67 77 45 96 116 246 320 283 491 243
454 16 263 75 280 372 120 233 168 249 157 478 471 270 35 436 423 369 345 11 75 453 457 106 171 347 448 469 202 222 173 200
450 340 301 442 133 45 450 452 29 341 348 4 435 157 491 85 332 324 210 473 117 470 490 288 215 232 274 282 441 292 32 149
497 395 498 308 97 424 160 92 387 420 138 435 79 461 251 196 355 288 335 222 51 492 220 479 106 271 45 240 182 466 211 495
252 227 354 384 39 165 268 326 66 280 242 340 427 347 78 231 182 261 314 267 26 388 472 485 74 242 489 108 241 345 81 129
7 209 62 454 178 98 429 471 77 484 396 317 283 218 473 173 158 236 68 178 349 123 323 5 223 317 127 480 389 53 239 464
484 407 176 77 116 23 121 350 109 485 76 411 273 415 233 223 63 26 377 138 290 3 375 156 45 73 312 143 356 472 180 343
201 6 439 316 253 447 494 102 298 107 414 145 59 84 472 318 267 377 340 245 74 433 335 107 123 47 242 263 307 350 175 116
89 276 477 178 330 188 384 419 337 247 306 168 182 47 102 73 204 115 87 214 299 32 404 125 210 459 396 85 456 19 91 458
390 495 333 383 43 340 434 421 482 423 92 417 249 133 331 393 350 30 129 318 296 35 33 204 447 54 254 3 81 309 198 452
126 207 462 218 20 475 123 389 132 23 149 267 197 249 470 68 323 218 215 136 229 460 458 247 369 490 147 494 329 159 271 170
127 68 299 37 401 116 464 212 395 427 79 183 110 298 20 412 91 220 288 232 223 82 19 342 197 494 289 176 125 447 293 283
349 214 151 489 464 27 255 351 146 261 479 260 261 101 374 78 319 190 334 149 320 93 185 25 311 387 188 230 245 382 342 320
344 354 90 212 123 237 262 279 443 203 250 464 8 281 295 492 30 367 232 447 209 417 210 268 10 195 316 169 195 339 154 364
289 403 466 313 269 454 464 448 111 60 167 228 49 164 75 340 461 30 240 328 392 245 12 253 55 285 402 465 295 67 292 62
258 310 377 371 290 187 289 476 316 257 219 466 289 171 362 24 147 3 177 68 487 433 198 36 25 342 187 482 343 63 130 386
280 186 347 223 412 284 107 59 258 496 315 493 116 89 80 193 62 201 159 183 260 286 134 69 391 398 476 496 270 427 489 54
106 296 334 338 60 227 415 370 448 164 367 250 434 172 16 6 496 100 168 350 253 443 391 106 65 76 77 439 83 88 262 478
458 227 476 328 487 60 356 90 326 312 35 309 94 481 68 81 113 417 156 271 232 120 123 316 274 17 454 203 227 396 291 303
244 493 167 51 308 160 443 214 61 480 51 379 11 6 372 176 24 498 392 301 353 108 469 447 23 406 78 90 246 203 38 431
487 85 231 86 498 416 320 172 447 122 432 210 94 277 257 98 436 204 408 33 137 62 36 408 69 134 89 403 382 482 291 62
481 129 408 485 290 305 30 254 102 195 349 162 43 394 34 376 316 249 250 58 337 455 261 312 253 176 190 218 155 311 316 186
310 223 298 261 491 468 255 416 271 456 141 427 151 126 276 130 455 251 481 207 103 499 481 227 9 475 23 257 275 210 245 278
206 98 42 207 404 177 25 264 482 70 468 336 308 281 122 467 156 357 216 177 349 79 193 60 23 461 474 88 429 5 325 252
245 158 384 76 492 142 109 409 35 425 1 473 452 56 465 74 366 469 179 176 106 1 356 141 334 322 440 303 274 250 144 124
337 210 375 152 151 10 196 299 65 148 302 453 473 254 397 180 5 354 363 167 145 374 5 123 5 280 315 455 393 103 109 4
239 46 131 432 72 322 78 151 195 217 152 161 183 197 41 218 78 164 226 47 375 472 495 127 97 445 481 454 26 234 429 116
481 30 94 389 360 285 286 68 410 245 0 43 332 262 312 392 415 192 62 442 267 49 334 15 61 16 351 54 151 440 13 321
43 184 404 84 107 150 371 373 370 178 54 213 156 145 393 342 182 458 428 381 64 230 327 403 9 373 208 271 414 373 97 333
182 349 119 168 301 81 377 435 225 143 387 360 243 120 98 226 272 137 117 183 93 136 389 394 300 331 53 490 277 175 57 487
350 437 480 163 372 375 110 420 488 186 286 326 376 387 347 353 317 111 145 271 471 120 27 288 479 81 380 426 364 140 105 465
138 140 74 279 378 308 250 46 101 421 285 427 467 108 81 398 494 387 478 246 52 444 29 469 454 52 45 487 195 464 261 217
116 390 435 144 302 131 8 36 66 252 299 96 27 251 376 62 487 377 209 126 416 499 470 484 392 429 257 143 331 198 27 483
156 314 45 351 135 63 44 34 228 368 421 449 462 464 157 268 486 258 97 197 464 291 43 15 223 247 302 58 37 50 384 171
112 152 19 473 184 33 365 108 85 395 63 334 271 344 166 31 473 331 140 174 105 186 288 377 485 310 194 288 203 287 7 447
221 4 416 240 118 160 415 103 206 364 483 389 316 245 174 448 309 339 315 58 186 199 268 200 14 199 102 224 173 45 259 198
400 14 119 7 233 139 127 406 242 184 186 258 344 450 410 220 443 242 96 21 369 410 334 314 128 90 457 6 171 218 389 38
231 290 297 372 154 211 241 228 120 210 387 19 457 290 472 388 173 307 0 71 94 368 350 309 67 184 315 256 491 473 349 273
230 342 45 315 497 417 200 408 459 250 330 214 165 436 258 313 96 295 456 472 39 445 24 222 95 372 56 165 143 269 455 496
258 311 380 218 170 145 129 138 321 302 25 350 141 302 436 117 331 268 477 331 243 460 207 434 322 278 354 139 304 92 287 26
114 459 118 244 302 51 86 267 168 89 217 110 465 90 98 200 115 437 371 320 499 137 45 202 167 251 115 368 53 485 346 157
321 407 81 161 71 167 241 347 112 231 30 139 498 170 61 335 141 358 368 201 327 63 412 31 122 427 224 132 148 5 414 116
434 32 347 139 200 96 40 273 189 162 271 370 461 426 139 452 90 129 196 152 483 281 236 328 88 389 108 357 212 489 48 203
126 314 470 455 268 104 234 137 42 154 77 109 338 243 494 236 174 7 196 245 11 12 307 462 413 78 20 115 255 440 258 311
381 273 225 397 98 345 117 88 340 381 324 73 343 366 225 162 14 109 451 30 330 353 329 300 69 242 204 258 185 364 370 79
139 178 97 150 92 150 217 324 201 179 163 375 253 44 302 375 271 420 401 119 13 11 182 454 73 24 289 490 164 257 432 453
88 431 441 489 72 189 124 452 301 351 350 459 348 263 327 469 404 406 117 395 368 53 187 187 462 490 70 148 73 12 203 84
57 395 88 8 407 239 406 265 292 309 227 294 129 240 70 79 216 304 42 75 25 494 445 235 199 121 313 389 166 5 292 0
411 495 386 263 209 365 256 475 297 390 52 397 267 192 245 402 392 446 395 456 144 490 383 153 296 227 300 163 456 130 44 79
105 242 285 299 166 86 261 46 129 25 73 201 217 125 479 140 305 430 285 380 108 239 460 176 181 111 31 242 144 418 269 294
461 345 410 138 128 194 100 327 141 132 408 280 293 451 161 222 377 241 167 484 135 452 306 430 136 272 77 5 296 264 474 426
31 237 449 121 431 349 212 372 193 275 240 495 261 332 377 80 396 484 184 208 326 73 91 169 83 300 422 55 74 293 171 201
11 76 78 164 375 135 334 290 211 269 414 221 95 211 440 295 488 43 342 493 262 346 2 326 117 350 186 412 495 66 33 395
236 188 350 440 289 437 405 38 213 254 109 208 47 479 410 203 101 343 13 322 348 326 220 355 91 454 281 310 106 472 135 229
143 482 191 69 409 497 82 89 304 199 22 239 224 390 464 388 214 184 316 244 372 144 45 112 142 265 244 229 350 83 247 341
37 190 164 75 360 499 300 342 134 125 36 197 282 172 168 410 226 32 357 411 59 69 31 458 258 290 101 112 203 374 346 375
36 175 399 491 55 199 174 481 252 244 84 92 145 236 461 297 399 115 26 165 25 70 414 462 462 1 471 236 410 462 274 81
357 393 179 287 429 499 171 459 429 56 37 394 381 417 265 116 276 52 120 460 61 62 271 271 364 288 90 176 486 107 151 116
224 276 300 60 408 360 41 272 8 16 203 468 18 17 127 446 130 193 30 340 145 407 292 392 268 15 9 186 116 442 168 398
39 57 437 481 203 179 327 407 56 117 470 272 13 423 315 69 233 253 212 290 380 182 427 458 83 298 259 353 76 369 103 284
392 115 104 495 81 465 317 68 216 212 94 1 94 462 184 86 499 254 269 25 175 464 349 208 200 373 74 58 310 421 25 61
457 192 387 140 81 473 480 436 465 238 284 412 315 46 71 285 198 222 193 15 159 296 225 83 148 337 424 72 250 262 172 50
404 483 9 399 342 426 424 425 131 154 185 347 253 426 383 17 297 403 401 150 50 314 457 406 202 236 3 478 163 462 138 293
402 76 395 169 79 54 311 95 229 159 388 358 3 361 277 331 423 286 404 33 388 257 83 413 345 422 30 46 422 322 94 314
444 20 91 268 398 319 307 225 290 307 375 487 39 219 417 104 317 122 455 268 269 164 219 116 440 480 467 194 414 230 133 261
371 422 167 488 249 0 439 496 405 75 204 100 181 238 374 456 22 186 150 220 277 463 61 215 296 172 475 476 408 74 323 200
73 328 88 155 93 85 184 454 301 381 173 205 277 469 129 113 283 141 425 121 73 286 150 217 227 308 181 273 407 133 151 366
454 375 134 463 230 186 310 487 46 381 159 250 219 10 442 351 267 142 231 7 459 403 227 228 300 267 455 280 404 466 221 120
322 197 214 46 285 289 31 117 397 104 288 189 401 29 60 273 82 400 179 437 430 374 305 233 377 130 430 274 68 377 23 497
387 265 332 38 7 389 425 57 399 129 127 101 438 457 80 204 59 63 293 148 36 489 480 148 13 443 296 149 76 360 421 499
271 153 301 308 125 307 449 146 197 98 331 497 364 410 418 399 171 241 216 355 190 26 495 79 390 280 123 18 131 373 449 302
487 254 475 40 434 7 83 481 145 98 24 25 105 8 139 92 249 5 239 436 447 431 116 47 269 216 145 22 7 285 367 93
18 326 171 225 155 498 419 291 472 364 382 388 407 300 170 190 150 426 410 126 134 487 121 159 116 240 484 59 35 262 419 177
159 183 103 43 135 495 141 300 443 294 459 281 125 246 268 416 299 380 164 30 486 172 281 35 243 277 17 93 218 287 262 16
23 329 8 129 159 268 376 456 189 247 371 163 265 36 156 110 211 119 334 323 63 150 353 167 300 13 437 340 292 456 295 493
197 196 453 311 360 317 287 279 93 314 348 20 423 202 125 48 334 407 85 318 272 187 236 484 439 201 400 231 433 257 167 0
475 80 276 161 235 310 109 250 165 57 157 276 13 291 198 272 72 165 84 432 20 42 475 72 25 260 379 383 50 274 225 384
221 267 77 332 469 487 154 422 180 32 238 433 382 224 57 252 111 496 449 98 274 253 175 94 300 204 496 320 445 342 173 465
255 367 477 15 205 7 183 133 331 202 161 68 232 71 500 362 131 475 431 390 250 481 322 494 35 411 229 476 195 316 212 440
336 47 360 200 342 318 197 335 331 160 445 126 305 353 299 358 75 135 244 81 18 93 164 106 174 326 71 216 464 162 321 240
13 274 467 333 48 49 392 297 61 457 74 323 421 191 253 121 238 411 400 175 490 392 486 352 460 68 64 71 214 219 2 35
392 248 182 367 318 28 423 134 413 96 442 29 356 54 108 214 156 85 306 27 12 199 189 92 81 178 493 386 169 19 6 190
28 39 475 44 13 498 3 282 20 405 414 45 133 233 93 97 246 29 199 463 40 100 247 465 4 111 249 113 178 163 490 189
365 357 167 206 377 474 104 159 257 240 297 9 348 229 152 42 42 50 190 439 26 329 77 17 321 195 227 425 165 276 383 474
