492 108 336 91 141 443 200 368 5 124 68 254 439 466 230 161 283 302 147 272 267 381 338 100 364 202 310 86 70 314 229 408 65 161 339 47 78 103 402 248 123 430 73 348 6 219 303 439 410 382 242 82 459 315 114 2 447 113 301 325 296 152 174 175
491 435 38 202 82 496 429 150 101 495 448 461 397 358 280 438 7 81 34 139 28 173 431 331 374 80 480 461 304 475 34 197 276 138 75 101 129 235 468 249 1 89 155 53 410 130 401 308 428 469 439 339 339 340 426 16 134 213 151 443 430 273 278 316
484 430 367 191 195 72 449 288 162 240 179 410 38 234 131 320 110 320 348 381 295 360 352 361 342 370 498 304 198 334 476 395 491 457 305 219 425 381 240 120 78 286 411 422 474 455 54 307 153 280 88 5 217 425 358 350 329 427 84 206 243 363 61 288
214 444 299 495 88 330 418 134 22 284 466 285 496 114 28 66 6 483 418 413 127 379 21 175 338 418 294 87 347 416 467 28 413 253 354 216 475 276 203 315 225 214 126 295 389 279 121 166 373 190 352 314 236 249 410 164 154 446 382 49 227 277 265 300
248 121 174 225 414 488 380 417 446 344 221 144 33 28 212 109 37 382 279 455 487 316 198 296 317 148 165 285 499 213 210 175 11 155 47 402 466 322 191 260 180 32 202 109 117 263 325 149 328 257 87 400 18 64 277 331 28 375 202 481 356 257 85 463
402 337 475 227 236 306 417 395 367 283 394 467 5 329 114 282 346 169 297 238 204 460 251 48 358 349 110 150 31 490 122 160 412 8 65 263 488 128 271 335 311 346 437 36 180 361 318 312 436 495 311 94 317 114 336 445 244 273 357 42 402 85 298 72
104 162 465 71 94 323 470 463 452 168 235 283 443 139 174 317 496 319 119 129 366 251 75 246 120 127 144 481 89 295 234 314 153 270 131 266 303 388 223 272 139 59 50 17 41 3 498 488 131 17 473 387 171 335 330 274 419 374 93 246 441 188 29 402
365 245 330 351 180 201 467 492 170 446 95 9 165 269 128 30 30 249 26 428 139 12 74 53 187 250 251 165 128 444 104 83 466 100 219 477 438 130 35 353 450 404 341 322 151 118 16 79 370 110 333 12 384 110 190 426 368 458 316 179 449 429 220 243
35 214 211 175 320 263 310 453 379 199 233 125 320 374 376 473 367 163 142 40 304 420 272 465 499 14 372 94 42 311 298 280 9 463 437 112 26 182 280 282 393 288 150 383 27 482 262 194 42 97 44 428 7 181 140 94 77 3 159 52 375 59 333 49
114 436 374 56 396 359 450 437 137 18 407 2 2 245 461 358 231 475 486 81 230 325 327 19 253 376 225 231 185 495 458 60 406 305 302 116 351 268 477 390 354 142 362 22 491 73 151 248 207 425 294 320 13 229 206 304 355 458 477 472 155 489 312 495
30 260 116 456 153 441 217 395 196 304 235 252 49 58 240 32 183 441 56 268 214 56 192 268 101 480 430 7 64 41 329 140 438 16 172 94 338 362 361 343 318 474 36 393 132 394 319 125 401 381 375 333 326 124 64 198 142 265 253 385 235 147 43 185
364 7 87 271 123 93 128 108 410 490 110 387 289 448 145 480 227 34 305 108 158 354 139 12 63 95 164 173 66 206 164 241 462 112 469 86 457 222 78 468 403 38 381 425 302 114 327 227 69 17 1 498 78 468 386 385 473 32 185 216 363 233 499 101
233 124 476 129 394 498 211 253 63 4 313 223 13 473 372 188 479 139 427 83 231 480 357 67 471 404 405 139 240 48 365 333 64 406 62 345 60 328 419 124 288 204 238 452 22 416 283 158 218 64 495 388 138 242 141 96 13 217 158 276 475 383 110 78
72 328 387 419 179 162 258 40 172 298 152 472 23 293 385 385 439 355 79 286 5 337 3 134 304 451 237 495 286 67 204 283 185 41 464 155 376 491 237 13 212 486 151 463 163 75 353 494 167 212 202 208 39 345 317 148 261 335 309 241 68 449 472 124
361 474 205 107 150 203 213 187 236 476 496 249 191 130 245 100 370 199 378 68 98 368 212 434 52 422 367 412 104 46 77 166 285 3 159 446 237 264 175 412 151 20 364 239 365 312 108 389 317 123 232 459 292 66 349 431 471 209 332 391 115 415 163 237
431 428 464 101 495 19 159 244 148 136 292 63 217 51 140 247 455 232 47 421 460 219 165 232 120 366 44 413 54 265 491 429 150 80 214 319 124 303 124 167 441 364 213 71 70 168 12 112 30 382 56 117 481 258 485 144 375 25 167 310 189 118 333 119
214 480 120 254 406 1 75 364 379 356 100 321 435 391 307 449 49 496 90 299 274 32 486 241 278 88 222 423 279 385 189 105 182 482 451 362 84 437 241 143 359 3 372 167 323 50 317 373 124 172 123 179 113 11 204 255 72 249 457 370 493 289 209 140
115 49 105 236 326 208 35 79 317 303 250 139 447 392 310 309 218 436 62 190 241 381 385 442 186 86 416 333 445 61 381 247 435 249 488 458 197 402 20 19 282 148 362 397 472 434 315 291 86 216 411 495 364 424 491 245 494 331 239 291 188 203 483 200
465 300 341 436 108 51 35 489 103 214 312 10 264 188 410 133 88 476 404 361 432 363 134 210 413 98 61 446 331 9 428 240 112 473 446 174 124 87 433 66 285 270 213 426 254 207 213 360 416 414 471 59 329 239 277 63 453 430 457 19 15 188 401 199
116 77 397 203 474 194 287 151 15 426 442 64 27 331 166 408 242 337 221 126 177 199 230 418 98 466 363 110 304 226 90 242 376 224 140 222 379 21 69 2 423 240 376 26 493 161 264 459 205 264 168 257 496 299 308 326 36 14 415 135 404 42 360 185
136 32 385 113 450 172 105 256 220 344 125 135 140 372 59 381 382 491 28 181 276 245 320 221 183 111 374 18 149 463 241 426 46 307 288 386 471 451 456 258 170 82 58 131 495 157 484 227 428 214 40 458 325 218 418 204 378 284 317 76 360 434 230 71
186 125 25 460 306 307 311 117 403 426 176 201 237 424 257 337 178 251 267 357 172 183 338 273 267 231 212 192 294 401 268 167 188 105 401 83 223 137 14 491 350 359 188 178 345 346 489 383 197 37 212 444 212 415 16 142 144 401 324 265 195 452 378 95
334 199 362 33 216 401 79 132 498 393 314 137 320 451 281 468 243 16 174 491 172 242 354 382 499 34 42 357 482 311 366 37 444 286 255 72 28 498 413 220 443 323 84 208 199 93 306 387 3 157 404 494 479 334 160 131 430 399 233 322 303 192 53 408
383 267 418 372 366 10 425 111 125 207 483 86 96 276 476 222 126 90 263 379 205 328 308 417 210 232 487 144 492 359 214 216 110 349 94 82 442 327 156 382 6 365 194 204 476 244 362 452 304 206 479 143 4 155 411 222 455 332 86 260 235 441 422 292
75 104 257 497 264 224 303 392 269 349 239 442 254 127 177 299 355 470 193 373 125 475 55 279 302 155 330 292 349 219 280 316 358 310 341 115 451 331 251 189 463 453 275 474 288 349 376 34 121 469 33 431 328 72 209 485 297 170 181 176 99 104 117 296
159 2 48 25 240 362 239 7 211 297 5 257 287 131 263 155 191 265 42 1 59 392 493 349 409 55 397 0 459 400 456 155 317 340 146 275 353 159 432 385 191 291 238 333 293 34 297 397 376 281 251 186 82 363 69 404 231 491 287 301 108 31 426 83
496 242 391 348 292 68 181 241 361 182 422 133 197 438 434 303 44 462 432 469 84 204 229 70 144 98 370 450 155 51 42 116 453 452 458 498 67 394 149 249 79 124 143 43 106 150 135 361 353 339 273 233 389 37 180 243 202 455 203 118 404 457 356 365
168 103 52 464 45 464 118 321 149 68 131 284 210 197 459 273 454 50 118 363 382 243 247 457 350 173 148 280 373 211 299 28 471 156 172 87 185 144 63 63 172 449 425 488 460 245 355 205 137 116 51 402 39 30 59 469 478 274 437 254 278 229 379 62
215 297 201 151 257 355 31 311 422 260 44 148 443 429 260 16 55 392 21 211 437 226 110 232 256 7 293 143 169 270 70 236 350 291 238 302 195 266 292 37 93 266 394 236 64 350 375 278 465 444 289 242 431 246 149 321 279 465 470 145 435 116 106 408
483 141 44 21 149 499 271 66 134 84 106 452 246 122 278 492 143 258 490 184 51 144 472 203 181 242 165 252 219 355 197 457 238 244 307 259 155 221 16 489 322 59 346 419 201 447 457 196 499 468 44 154 368 490 178 180 54 215 130 143 67 331 167 243
467 354 382 150 71 111 118 303 144 113 170 303 427 203 109 161 232 349 279 220 322 408 273 292 17 316 319 78 316 379 5 413 93 226 348 224 163 388 424 160 377 141 146 223 188 340 76 162 251 169 426 144 301 294 206 40 277 362 174 243 61 341 332 444
258 153 428 472 0 286 168 273 176 102 430 272 385 335 267 155 83 58 215 465 356 447 498 23 345 318 307 250 26 281 478 435 173 274 153 108 393 109 240 426 118 196 118 392 9 451 58 441 236 124 284 100 114 465 71 460 147 189 105 69 218 358 406 181
369 182 17 345 251 377 16 229 341 435 487 189 1 304 100 367 203 149 331 493 452 277 319 243 431 60 225 277 234 48 229 255 57 436 82 93 480 67 443 267 394 392 274 378 178 442 386 303 274 465 23 296 499 490 302 89 261 96 4 281 25 39 163 433
351 94 301 150 413 262 467 137 390 317 115 33 21 250 1 364 273 458 499 475 376 137 417 456 461 58 12 131 104 363 28 61 229 437 269 392 368 29 387 389 281 393 202 303 309 207 49 303 465 472 72 69 311 369 362 354 27 495 226 293 209 149 444 94
423 77 282 449 61 385 447 67 208 221 114 487 8 47 237 369 248 382 59 406 301 101 379 385 44 300 481 463 168 350 227 63 259 392 450 488 311 187 163 400 299 78 355 26 76 213 234 240 492 181 18 258 9 315 4 100 69 428 349 111 206 265 161 371
359 304 377 217 85 256 274 489 347 167 477 252 402 394 17 26 345 428 104 66 81 240 210 80 55 252 399 390 66 220 184 91 297 77 310 149 335 350 388 32 344 73 284 493 95 51 141 69 30 139 354 377 272 438 455 365 63 300 175 214 359 391 474 216
144 361 386 48 132 12 74 487 499 499 127 22 173 296 275 26 204 226 247 224 32 29 190 59 290 21 65 307 19 363 92 97 339 460 104 9 443 411 293 158 464 139 364 145 337 89 123 213 489 163 92 17 449 396 211 6 417 61 456 256 194 436 28 291
324 377 170 181 357 183 45 125 80 147 269 42 497 314 105 440 108 496 183 8 188 466 49 360 243 242 218 161 221 160 253 394 205 406 106 14 182 242 363 466 22 168 242 485 230 377 376 119 287 454 263 219 181 128 440 150 113 217 102 324 131 350 6 8
260 355 56 357 306 69 339 377 25 57 228 259 421 119 132 54 272 452 377 275 428 222 457 277 97 57 290 245 92 115 402 450 18 408 389 284 171 60 359 454 169 273 492 177 127 444 372 268 378 305 497 17 60 307 461 387 306 72 326 319 377 434 139 276
52 245 25 314 184 85 73 457 343 493 412 152 292 39 473 22 261 65 459 170 391 307 46 152 386 304 227 2 213 375 350 20 137 423 126 30 218 166 231 403 91 402 500 435 353 121 94 327 56 484 299 154 113 3 193 3 127 338 200 130 167 100 168 238
213 42 99 469 495 203 184 197 179 52 230 485 188 304 493 272 165 86 292 56 252 16 317 466 289 400 146 39 437 4 499 195 233 312 86 222 6 264 100 489 287 311 249 327 499 20 178 429 408 399 130 357 354 419 149 19 230 432 96 476 353 6 107 439
277 387 436 338 492 411 483 98 453 372 366 420 69 108 454 48 8 115 297 496 110 72 406 9 312 464 167 422 76 336 495 133 405 374 384 15 217 0 163 34 269 114 142 209 262 469 369 338 332 130 167 364 405 221 335 474 136 415 336 455 323 467 322 58
195 385 347 117 70 338 305 182 423 196 129 292 405 82 295 220 32 279 240 231 122 461 101 227 23 177 83 104 302 62 445 55 105 262 196 116 370 307 151 44 124 231 262 170 154 432 307 345 491 389 66 45 152 227 333 238 148 466 404 66 292 357 280 173
495 352 86 246 228 455 493 274 299 122 175 156 244 473 313 332 184 103 438 22 282 102 62 230 112 299 121 441 308 118 97 57 0 73 305 4 176 160 194 235 246 344 35 218 450 0 439 192 5 227 78 115 425 276 226 13 263 77 109 494 403 366 225 81
282 121 153 84 434 45 336 432 173 157 444 446 243 82 5 364 8 0 248 13 162 17 282 478 390 265 173 491 213 321 220 139 95 149 331 127 187 111 477 167 340 172 253 171 90 268 128 179 13 86 364 259 372 369 136 269 93 410 376 497 19 157 222 369
110 168 269 368 364 162 214 493 66 400 414 110 12 284 41 238 349 478 56 85 418 468 214 175 29 45 39 254 476 287 410 483 174 260 186 444 345 424 428 126 256 72 94 375 230 156 376 338 467 334 81 252 315 326 147 231 133 252 389 365 258 129 454 486
104 348 168 216 111 265 133 406 26 140 103 461 193 205 226 411 282 27 175 217 207 182 415 487 490 192 86 196 349 439 341 64 226 226 42 369 449 167 322 484 498 175 251 485 22 358 278 68 352 345 164 120 66 344 350 227 357 89 109 428 438 214 206 325
495 100 184 438 299 189 364 294 142 155 403 139 317 334 69 140 49 326 149 77 399 257 30 88 219 106 453 156 344 100 144 477 298 384 437 265 266 128 368 320 373 320 479 371 239 128 336 108 486 277 462 159 484 306 29 462 270 126 0 251 137 259 32 93
431 85 289 164 360 446 101 326 394 394 428 496 357 205 233 129 456 459 175 213 110 336 479 152 286 468 113 427 321 199 424 315 439 144 144 493 152 499 369 182 432 324 352 326 7 236 347 326 168 474 174 295 412 451 130 94 218 42 398 390 353 225 285 162
258 286 265 34 190 132 195 98 363 404 497 373 86 225 384 482 87 57 277 142 278 463 45 244 220 433 380 53 201 90 170 177 152 255 105 296 358 223 458 437 467 359 119 254 57 311 162 324 341 136 431 20 253 383 490 379 220 319 497 473 193 443 462 314
260 424 268 466 27 446 86 318 358 379 303 459 223 125 2 64 482 387 334 355 137 69 382 227 137 122 223 12 160 279 281 252 174 65 231 63 254 171 106 154 484 413 187 107 372 334 497 489 111 56 396 2 122 190 180 497 350 248 132 362 402 332 397 295
438 436 158 149 439 336 93 477 337 7 223 57 266 70 410 461 64 301 270 376 155 274 342 176 449 89 444 338 31 450 32 422 65 187 292 187 401 190 313 114 386 189 270 160 316 218 15 243 396 447 467 4 293 487 50 489 94 59 321 260 20 480 111 452
252 55 143 249 228 399 241 138 377 6 32 194 98 497 385 126 489 156 415 133 109 491 215 88 152 441 455 452 437 268 281 268 435 485 38 123 260 494 255 107 463 438 219 55 203 390 237 242 131 368 103 456 390 308 6 293 76 365 383 103 268 176 32 62
139 454 166 423 156 152 348 102 207 212 260 401 212 150 33 411 75 334 7 131 132 410 339 340 314 331 377 416 32 172 353 446 315 205 151 78 14 309 110 451 367 428 191 25 117 264 456 194 186 334 198 434 386 315 350 348 149 392 318 176 485 38 79 260
400 235 309 327 308 492 65 198 433 468 431 445 420 482 359 401 81 127 226 268 97 383 445 86 132 230 368 359 21 401 107 221 112 295 198 416 67 448 409 176 221 460 150 14 448 89 423 52 153 440 71 204 55 306 307 230 330 102 168 384 214 331 233 37
260 107 373 327 273 486 445 101 187 266 481 160 328 460 466 355 280 331 1 241 40 384 90 160 325 315 22 190 259 426 400 423 395 25 381 395 51 229 83 6 362 425 58 204 479 493 358 435 247 227 324 261 82 17 34 30 16 157 118 139 479 240 248 235
36 422 401 228 431 262 352 116 259 41 267 475 451 333 281 78 2 125 256 462 330 464 224 287 105 17 97 301 16 298 386 209 216 270 418 287 161 362 8 160 150 76 344 491 400 267 317 349 90 428 31 406 388 407 67 388 139 181 188 43 356 317 1 447
430 410 1 266 427 93 44 169 230 56 214 8 478 381 472 193 338 184 455 496 357 30 413 372 117 33 268 331 260 190 316 463 261 58 371 492 138 92 126 476 115 28 464 476 116 376 244 291 0 431 309 245 207 40 103 487 411 204 162 366 170 179 417 290
291 165 304 31 31 500 142 215 475 40 356 187 60 129 47 414 283 148 287 231 171 152 290 453 191 84 184 272 55 26 293 273 3 234 62 412 59 200 241 285 350 60 337 184 429 403 359 436 386 122 326 73 117 13 405 333 157 77 133 309 274 59 343 74
270 28 302 372 238 292 308 137 361 337 409 378 155 0 173 178 159 26 420 92 304 135 38 174 471 287 49 243 3 31 196 10 291 475 120 110 205 311 354 345 343 57 461 267 111 343 430 401 232 470 422 80 425 307 377 344 474 441 7 63 231 204 423 127
80 42 66 148 202 163 160 378 395 371 138 283 397 367 299 36 255 331 315 191 110 463 277 185 158 69 81 438 480 19 39 66 325 399 283 370 50 36 289 466 497 321 61 334 220 29 276 138 10 91 423 274 179 239 367 384 410 144 328 480 460 189 440 86
223 423 206 430 367 384 393 299 274 80 248 249 339 323 105 118 33 469 35 322 491 418 393 203 399 440 404 31 362 69 174 78 0 128 132 370 65 71 257 230 409 118 133 205 423 454 239 487 226 380 112 46 233 28 315 175 8 292 438 361 7 247 385 130
358 130 131 301 157 275 36 80 55 374 156 202 317 63 70 225 121 75 208 150 486 336 214 277 279 164 218 173 372 326 316 89 318 30 194 483 267 169 416 220 278 321 311 308 487 73 85 454 24 287 202 183 160 265 198 270 286 192 224 266 9 340 29 63
104 463 335 269 229 148 33 472 298 493 456 39 145 227 267 179 421 8 322 436 135 73 497 448 20 4 497 86 445 168 465 378 446 183 234 362 201 262 368 261 365 284 323 310 263 497 104 9 132 409 121 34 265 85 142 459 331 499 267 179 134 416 395 445
344 90 258 388 491 60 45 271 49 476 452 228 210 275 370 293 209 219 192 3 140 481 308 194 368 79 150 324 121 411 93 497 211 155 193 2 461 485 134 117 4 396 464 305 151 234 165 258 446 460 9 125 333 371 360 304 328 92 359 442 372 116 446 495
62 190 149 126 481 378 23 291 419 185 249 334 445 287 281 153 44 31 320 306 311 279 82 187 66 250 323 78 46 39 445 231 172 13 453 226 2 65 48 148 188 207 340 451 8 154 227 42 91 199 434 116 434 395 468 260 302 222 239 290 258 484 171 439
477 174 409 292 395 430 283 283 351 168 243 219 136 306 187 135 448 111 152 485 222 268 449 195 183 381 431 115 256 64 12 69 58 336 179 312 324 279 383 250 174 288 499 322 359 454 240 324 485 79 51 230 357 495 430 84 25 8 351 207 190 128 234 56
53 309 13 110 383 442 61 461 408 32 252 139 465 275 301 368 392 354 26 480 180 28 422 62 79 156 88 106 318 46 95 183 18 313 460 371 219 167 385 262 176 381 468 69 352 165 427 57 419 278 388 369 434 230 103 336 259 339 323 359 371 36 37 54
444 23 422 220 211 302 410 495 220 212 109 425 131 272 11 286 370 331 213 127 468 318 95 307 122 209 345 109 24 140 137 13 302 238 367 497 439 166 158 25 228 433 329 302 87 443 51 342 161 433 247 490 35 340 479 463 52 464 43 337 151 339 125 227
142 381 352 200 257 140 283 346 105 394 398 110 258 352 242 8 312 350 416 427 374 383 296 315 93 58 378 450 282 329 60 340 416 213 399 220 494 96 86 467 388 221 494 124 346 190 258 457 113 365 468 10 19 183 453 251 294 254 211 153 250 334 320 164
106 177 440 108 435 195 317 444 56 375 300 148 321 36 267 160 422 222 247 151 396 271 43 12 214 410 418 101 194 468 319 384 299 486 476 101 498 37 75 203 155 418 238 140 352 297 80 277 34 330 482 224 24 106 457 120 312 360 487 478 239 380 383 256
22 46 271 302 108 202 188 134 130 74 264 468 246 181 239 15 265 136 133 319 60 202 67 422 270 206 112 132 243 236 37 109 452 84 333 134 91 486 250 207 128 26 408 36 320 346 11 497 218 128 412 392 257 210 233 101 372 2 204 295 97 125 480 374
500 361 137 28 452 278 414 285 11 15 386 349 7 361 356 157 476 1 340 353 244 364 409 161 310 477 208 330 227 98 315 227 384 327 419 356 227 470 53 393 118 102 376 376 223 186 107 62 170 226 165 75 213 479 199 293 17 28 216 57 49 272 188 157
244 176 345 29 176 234 116 82 384 38 458 119 451 236 303 293 258 102 495 380 259 195 226 208 425 372 436 404 45 487 368 351 415 286 261 85 497 287 186 254 119 111 423 124 340 466 245 369 95 129 89 450 31 340 380 183 283 180 359 469 264 82 255 238
336 254 147 332 259 165 92 484 307 382 412 225 453 214 308 360 80 72 226 485 184 208 273 152 155 220 87 211 312 465 107 176 386 383 149 321 101 465 381 100 121 355 289 7 391 408 122 474 267 321 256 389 183 20 272 360 336 486 402 277 215 284 124 10
161 400 275 306 230 426 130 113 493 456 156 118 119 216 216 405 5 350 470 91 189 203 2 118 330 131 42 159 53 247 75 223 68 422 150 137 244 26 19 151 51 243 53 209 487 424 57 339 82 368 357 445 10 468 448 259 29 41 438 323 382 328 84 376
313 372 128 74 260 121 101 324 8 244 382 74 372 64 415 424 177 246 93 394 265 435 368 128 45 232 500 459 133 217 475 421 109 37 243 209 281 229 216 185 473 111 83 344 428 285 63 173 443 371 155 78 485 56 475 346 239 154 467 148 103 107 36 428
288 271 385 407 236 244 27 450 264 139 370 77 130 435 284 126 411 187 138 487 148 345 399 301 484 288 48 231 395 73 21 253 247 339 191 194 14 227 279 311 45 111 167 226 356 371 92 376 491 387 491 204 296 50 232 498 166 137 21 64 491 476 449 128
390 370 179 261 380 245 472 478 340 4 181 265 89 126 411 395 474 123 313 261 288 424 440 143 167 297 388 168 308 50 412 286 475 13 70 160 486 96 256 191 399 188 239 373 500 64 30 475 86 11 72 480 46 352 115 165 130 408 461 283 413 187 74 310
148 51 456 51 390 269 68 134 236 166 123 474 144 286 386 295 149 398 243 450 390 119 439 0 331 325 215 184 378 410 145 261 142 250 306 277 212 6 203 262 177 293 200 213 86 33 282 192 10 139 254 488 301 315 403 344 476 344 480 187 497 17 427 124
219 94 288 447 175 157 380 4 98 229 359 69 270 161 370 13 196 232 118 438 177 413 300 9 295 58 393 95 333 471 357 37 406 16 108 97 350 37 351 314 307 427 381 289 405 434 252 363 334 58 439 45 83 114 315 33 330 155 101 102 337 99 148 248
33 90 213 258 437 350 355 448 471 349 384 283 194 482 223 458 54 171 259 163 327 417 99 257 81 36 493 445 94 47 161 59 412 228 300 497 391 420 264 93 326 392 202 52 238 263 142 225 268 410 165 410 95 454 484 452 115 5 301 74 59 407 237 315
52 417 25 134 26 397 171 292 352 208 241 441 470 381 493 127 60 159 211 67 120 171 334 12 350 248 272 458 375 215 75 386 204 339 473 296 432 312 304 402 70 414 234 291 257 403 440 33 273 122 326 304 201 1 453 17 428 5 62 450 61 365 464 288
500 458 141 361 413 137 340 473 372 226 495 49 5 272 428 386 151 216 499 94 300 69 46 12 41 393 220 383 439 83 73 33 262 88 93 150 186 463 102 423 397 339 298 240 247 363 161 155 279 305 419 17 9 408 32 333 104 209 169 148 189 231 424 244
290 227 95 333 366 399 341 285 318 443 192 246 498 92 3 380 453 309 264 329 170 25 444 198 16 66 184 485 281 157 426 371 218 72 28 35 76 450 138 45 271 185 163 90 374 238 467 470 212 401 190 466 337 480 263 259 329 292 132 500 319 136 406 41
219 45 97 42 262 43 457 398 410 287 350 360 244 470 262 390 379 195 473 197 267 282 484 51 111 114 89 436 286 113 448 494 277 173 85 157 63 45 297 368 196 376 456 80 437 397 77 372 218 375 409 429 495 226 168 460 288 180 309 98 466 14 221 477
42 297 203 15 495 229 102 495 113 426 245 292 251 352 217 227 27 10 351 448 76 22 20 395 457 383 99 148 322 243 274 226 500 469 392 269 190 392 202 95 280 245 67 142 340 283 0 52 446 421 285 205 62 490 49 476 106 354 207 178 399 335 232 87
91 479 286 414 368 212 459 181 88 228 305 112 444 433 382 250 265 1 388 304 370 205 282 133 179 262 34 38 221 497 199 309 206 363 394 255 32 57 125 344 322 186 260 174 230 271 66 440 18 141 45 163 429 349 202 61 81 308 364 254 338 233 251 313
459 286 407 355 362 136 97 433 56 241 332 476 27 98 100 76 341 53 116 457 162 85 88 309 488 194 166 350 76 192 346 300 268 307 31 171 187 336 298 230 260 162 103 453 243 219 58 156 238 205 236 176 372 406 26 195 34 228 154 325 236 355 357 76
359 335 373 394 14 354 11 36 149 23 197 250 369 100 218 110 40 209 227 67 441 279 271 351 27 478 377 456 138 261 446 70 193 292 274 445 32 316 463 42 370 303 351 268 114 25 323 393 430 185 97 12 346 264 28 458 471 370 450 228 445 329 1 339
174 426 295 25 375 156 436 212 161 282 361 304 21 35 425 184 466 374 166 199 446 236 276 214 71 36 368 396 333 273 384 102 172 460 430 18 487 285 316 476 256 163 217 226 398 366 77 201 236 381 478 304 390 304 483 54 369 295 388 144 473 105 421 475
416 343 455 405 317 335 305 403 284 328 334 8 384 498 14 217 281 478 280 19 264 397 404 183 431 146 307 376 15 348 270 14 84 67 444 307 66 360 350 17 243 283 219 309 142 374 499 185 262 394 482 411 337 112 457 475 437 244 466 177 423 340 247 284
59 117 147 56 251 206 20 478 321 193 287 258 32 217 153 195 54 235 453 329 229 320 263 435 53 413 477 110 297 25 442 406 367 468 338 378 273 419 18 477 461 426 308 253 392 280 430 257 373 256 398 258 495 202 59 132 462 183 10 120 463 32 180 264
39 398 489 11 188 150 394 422 156 190 175 297 449 263 453 170 374 289 213 376 346 485 191 110 420 327 49 234 295 354 14 189 444 260 251 96 418 274 199 295 284 475 401 250 398 471 482 82 20 131 242 333 289 307 315 284 21 404 274 208 61 439 356 309
111 306 433 116 202 424 398 246 364 63 434 348 241 403 453 130 42 36 222 157 185 167 464 486 161 394 309 338 197 432 186 451 33 330 199 195 499 58 355 98 153 462 236 365 309 308 432 372 49 23 119 121 125 128 490 430 20 24 248 16 204 318 68 367
253 423 29 381 295 242 170 258 308 316 418 112 320 281 104 430 305 435 473 263 127 463 176 8 91 147 370 498 52 421 216 3 430 394 294 481 386 257 352 347 416 170 259 401 305 417 327 305 241 78 483 315 281 276 314 213 29 117 245 171 433 358 454 117
173 222 476 395 100 118 271 345 282 278 232 391 116 177 180 2 179 352 446 180 391 481 247 440 235 370 323 280 219 214 294 103 1 176 468 10 459 399 255 251 85 418 341 156 469 423 105 321 203 449 134 10 155 333 463 36 390 62 476 427 459 438 283 499
313 13 226 245 324 54 245 327 88 500 388 343 361 33 483 362 228 489 359 383 118 95 379 496 75 169 359 446 22 265 239 337 163 165 99 429 462 401 450 128 242 47 434 38 377 61 337 188 468 79 393 129 110 112 382 65 426 16 450 286 238 47 341 341
136 169 344 144 74 318 301 36 413 105 384 317 259 118 461 162 18 238 367 136 478 328 421 75 3 314 233 232 111 255 359 224 286 413 122 226 477 188 315 482 165 341 449 7 78 363 271 146 281 372 352 295 73 184 357 32 209 264 184 291 391 317 330 96
305 68 363 293 157 429 428 201 21 370 481 261 444 339 349 315 382 223 313 434 161 427 296 236 22 300 222 402 221 245 170 145 307 342 446 360 48 160 358 25 417 80 111 132 104 437 198 171 356 367 221 350 212 117 394 176 119 130 458 80 424 49 212 372
68 227 442 118 67 237 256 34 96 438 479 97 10 385 483 472 47 0 495 62 43 154 97 149 321 243 151 329 153 250 412 62 42 240 490 440 106 380 392 65 205 347 144 72 450 479 52 40 128 212 259 119 415 161 297 349 313 86 416 293 481 307 304 228
348 491 208 455 480 423 287 212 46 356 206 191 277 318 227 196 219 19 119 240 192 350 86 488 428 411 148 455 416 398 111 392 134 336 49 96 437 241 70 444 43 446 285 274 152 449 488 33 422 155 471 331 45 168 16 442 93 141 448 367 336 32 337 333
403 249 312 193 271 341 434 147 150 15 233 303 230 298 46 4 428 104 141 232 442 470 376 78 24 482 269 109 230 92 40 10 86 34 461 395 275 442 240 205 465 96 116 152 484 168 128 212 313 122 1 30 423 173 373 247 225 313 172 258 32 344 398 211
212 492 105 390 139 5 481 125 105 319 32 185 446 138 387 222 151 471 417 47 92 283 235 19 142 358 307 27 96 423 408 283 385 212 433 396 105 195 184 346 255 392 48 16 410 322 409 370 413 228 368 192 203 36 65 397 86 265 221 429 291 139 430 46
315 193 402 99 281 162 120 351 284 172 229 410 218 290 146 75 329 66 343 257 453 5 254 21 357 177 353 198 53 93 410 454 165 376 21 69 223 385 56 285 353 63 323 489 52 460 334 329 93 451 322 465 215 277 465 115 376 463 487 356 93 436 469 35
465 60 105 330 163 344 310 185 64 113 178 253 273 475 11 39 380 375 348 31 444 485 409 485 194 255 373 218 338 273 232 402 396 92 296 398 1 175 11 325 66 118 219 79 104 393 55 114 273 54 399 178 481 377 494 410 172 284 73 14 218 194 493 472
171 295 36 24 116 27 195 475 390 194 461 236 424 66 486 169 285 327 278 122 86 469 128 277 0 117 86 28 426 206 132 261 164 292 107 63 209 263 224 290 117 487 39 329 123 70 276 94 449 388 416 356 296 104 453 494 260 88 122 418 172 330 163 495
296 20 227 343 210 211 96 206 410 500 468 57 252 437 248 39 491 71 269 427 264 465 208 40 140 49 426 421 307 165 148 86 422 32 233 70 495 447 317 254 123 334 144 476 146 287 293 10 117 125 145 295 451 81 139 385 429 283 35 331 320 331 274 160
218 64 90 355 444 53 444 37 390 194 393 2 429 402 318 337 219 307 167 391 303 85 123 332 220 251 274 189 257 1 302 404 457 197 82 208 83 93 493 7 198 178 414 29 399 312 377 15 484 167 218 207 476 383 312 169 70 51 287 242 111 193 31 177
60 477 368 166 427 59 55 391 252 496 391 344 145 80 352 489 143 247 72 84 380 71 223 481 15 474 134 40 176 27 333 143 266 56 183 430 110 454 307 499 446 128 147 160 337 153 144 179 316 136 378 425 198 315 278 278 112 10 405 239 343 469 332 91
49 46 448 284 290 317 2 273 136 24 174 2 180 76 369 294 452 386 195 488 91 500 141 128 92 411 42 113 454 390 161 394 459 114 109 209 209 297 444 168 31 126 391 181 489 192 126 115 171 1 156 476 340 231 316 173 14 431 160 156 338 481 149 496
259 318 34 309 392 21 372 133 425 6 15 272 74 187 315 210 303 181 323 286 436 490 169 121 90 366 158 462 81 424 190 357 398 342 393 406 212 44 139 461 277 163 412 83 9 5 269 125 496 20 474 83 159 284 103 394 364 379 69 198 236 330 245 164
196 111 286 120 161 370 386 383 58 159 388 128 318 367 248 385 136 374 180 401 16 437 86 418 452 339 18 359 53 116 172 131 161 122 259 258 292 265 238 286 242 473 246 482 479 56 261 346 34 359 20 459 299 212 253 258 361 146 84 102 5 375 453 198
466 250 302 466 190 195 166 488 5 135 18 93 278 152 95 276 133 203 351 293 438 263 458 467 456 149 114 89 358 8 422 460 359 250 331 177 450 123 309 63 421 58 49 228 226 166 243 213 297 88 457 436 154 180 372 317 472 53 246 368 307 194 189 447
64 328 33 366 485 327 92 264 253 380 418 457 54 94 306 438 297 384 397 29 453 313 408 479 297 187 440 2 488 421 253 219 254 217 63 469 465 29 104 144 89 388 293 414 270 164 404 288 40 483 253 414 201 356 337 329 442 0 477 131 448 25 185 172
444 117 448 344 280 294 352 50 291 78 247 291 121 193 423 281 377 415 338 324 82 368 377 444 440 471 424 439 444 200 82 429 46 382 31 57 196 0 474 237 74 313 55 370 236 97 476 305 102 113 382 74 380 435 223 366 37 347 117 161 488 238 129 389
463 326 211 343 164 476 69 449 240 1 10 161 482 163 436 414 436 55 500 358 185 397 97 490 243 207 37 423 209 415 179 315 144 60 28 377 373 359 216 468 164 278 61 195 439 490 164 299 433 197 139 42 6 178 188 186 355 418 72 324 337 18 336 308
440 195 368 213 205 212 158 466 8 461 300 112 179 274 331 85 303 400 94 347 49 470 62 128 60 36 44 146 19 30 178 265 467 50 374 414 217 101 491 294 341 118 446 461 26 269 33 136 120 497 339 376 383 50 451 305 106 293 83 214 441 95 393 94
209 365 85 454 298 46 491 278 39 164 178 106 231 201 126 97 242 328 93 255 15 444 394 371 52 257 242 222 401 225 109 293 292 437 379 418 448 379 495 423 185 159 495 203 203 425 349 48 4 138 482 6 194 16 442 477 2 476 257 149 267 305 67 33
175 98 150 21 337 158 265 270 188 171 154 153 1 352 129 498 198 458 227 75 69 105 9 363 433 379 334 277 368 406 202 484 411 107 365 68 29 342 287 324 288 375 422 65 380 74 344 78 449 229 431 500 431 73 318 438 332 26 187 359 336 171 209 6
227 269 284 363 359 220 121 18 466 226 374 445 141 143 87 180 308 265 320 366 159 423 103 400 461 216 159 320 454 52 84 229 193 328 484 446 414 315 339 426 380 440 387 367 307 281 76 62 109 171 418 485 153 246 326 55 433 242 114 318 152 408 467 201
292 140 56 80 216 489 316 66 213 313 369 263 317 350 269 211 359 420 435 385 447 351 309 202 493 140 253 323 194 460 449 111 395 378 340 294 358 284 195 444 434 17 427 194 378 453 484 369 24 220 24 496 171 65 27 303 427 192 313 137 325 156 8 113
357 231 104 148 442 284 60 136 382 486 299 282 192 273 281 303 13 448 339 268 462 80 268 235 405 353 416 428 185 142 339 264 209 493 31 160 93 380 407 426 455 361 95 241 465 282 58 200 4 330 89 461 381 399 457 491 309 46 53 24 98 473 294 487
418 430 282 187 499 308 275 82 316 282 187 416 417 288 327 127 330 190 129 245 129 250 75 330 98 246 153 148 207 346 312 456 102 346 236 469 394 140 466 371 115 416 196 216 8 120 385 114 64 482 179 466 308 439 125 494 391 6 489 183 25 351 459 0
118 457 66 276 281 51 313 101 67 384 269 269 227 62 31 376 265 80 52 499 451 189 40 316 291 361 293 43 439 490 16 435 477 150 233 385 25 288 256 184 298 340 375 308 440 354 31 67 311 309 17 111 147 206 110 491 58 327 170 246 60 177 302 362
254 405 205 354 282 16 419 184 357 44 85 448 299 190 273 344 83 478 75 238 62 368 48 43 358 225 414 132 145 263 142 394 122 229 50 473 496 196 75 325 340 390 444 197 460 423 440 409 80 312 240 476 151 100 244 47 445 354 155 110 125 192 265 239
120 474 71 120 136 353 25 2 418 149 398 495 338 358 171 272 314 220 324 333 40 465 94 179 442 171 117 8 456 475 330 334 124 29 101 451 291 171 438 92 280 494 69 419 154 127 6 317 0 92 315 152 315 156 464 93 117 228 47 256 229 103 375 422
34 166 201 409 116 98 111 186 173 71 60 247 350 485 334 490 421 402 284 330 394 52 325 265 214 79 455 130 102 218 328 431 19 240 306 437 260 245 312 296 280 44 316 438 262 439 151 258 494 239 221 130 131 127 332 216 52 213 457 300 491 401 177 351
411 163 416 389 374 436 210 102 474 474 373 259 467 142 245 496 458 35 285 153 79 65 185 11 373 31 410 82 35 404 241 115 145 455 8 397 218 112 215 362 202 281 40 343 286 444 49 21 186 198 421 434 18 300 499 61 331 489 31 236 387 389 267 165
353 130 219 298 249 75 474 387 314 342 122 289 335 199 75 472 207 11 171 202 232 478 227 285 98 354 367 495 96 271 113 102 500 234 421 184 446 75 127 398 132 52 494 254 443 261 127 59 189 298 19 498 368 469 123 325 482 432 303 245 250 141 316 293
176 203 336 108 350 355 248 440 369 86 317 342 488 459 115 172 27 237 477 295 418 487 472 346 326 312 378 333 482 276 87 407 402 361 403 261 283 311 362 349 172 210 98 49 10 498 85 339 337 157 268 407 200 293 229 271 391 85 45 404 293 314 216 314
448 82 409 315 437 112 62 127 132 313 307 171 318 460 74 294 345 232 169 175 45 267 389 470 410 155 67 328 387 309 480 86 345 228 308 414 48 153 486 338 342 245 173 25 111 226 464 66 453 142 297 123 19 100 475 468 173 306 8 357 250 88 230 97
133 296 63 205 483 493 382 411 225 326 412 26 430 178 310 135 107 187 153 331 392 37 169 190 81 42 70 97 118 282 498 226 369 109 108 473 14 471 489 34 29 485 455 69 113 398 39 199 299 489 16 422 289 396 212 277 58 111 279 396 377 85 270 383
220 15 323 156 157 155 342 7 38 336 434 489 352 488 480 253 117 184 279 418 329 445 233 361 12 416 500 284 327 371 203 72 117 68 72 166 340 326 101 477 35 309 43 367 144 51 165 188 221 183 318 20 495 447 468 152 500 246 314 354 332 366 309 144
447 257 38 287 497 417 358 25 208 387 467 160 458 116 50 458 431 118 233 291 397 186 281 81 490 440 199 66 391 339 10 311 325 227 206 167 198 184 291 0 32 157 258 224 271 255 4 275 494 318 455 34 359 392 447 335 230 198 310 304 236 441 447 460
296 258 198 175 368 313 81 186 180 197 363 183 282 244 421 475 100 213 137 480 278 14 104 258 391 293 370 161 387 103 303 334 212 375 372 486 356 262 231 495 451 334 192 56 467 182 129 330 377 355 319 219 118 57 162 178 349 281 118 244 127 234 139 499
27 261 67 379 138 423 188 281 86 272 237 397 243 386 108 99 255 104 127 327 9 375 395 352 238 32 426 147 88 147 162 414 116 233 42 306 192 449 392 411 109 488 101 311 100 369 484 71 47 427 117 262 264 376 153 115 18 388 132 305 133 478 209 103
490 367 234 315 66 224 76 227 402 270 433 189 474 495 77 288 77 406 497 324 259 479 108 121 349 302 316 42 394 446 14 305 274 13 98 336 46 412 142 333 145 83 440 35 75 17 178 0 176 488 178 131 100 126 385 4 16 417 74 18 455 479 116 337
442 392 275 296 444 411 251 415 478 166 18 481 250 87 237 415 259 50 233 143 180 186 54 60 397 429 405 437 66 86 87 60 191 296 218 194 298 200 270 181 23 33 216 309 418 41 417 49 49 278 244 419 284 31 467 360 267 51 38 37 52 6 291 329
144 37 350 346 395 122 429 202 491 194 279 129 391 466 362 198 138 100 49 454 357 332 25 228 373 352 258 157 96 403 456 110 5 119 454 304 68 290 401 248 240 454 349 421 133 4 318 357 181 55 306 29 213 392 468 409 45 80 262 247 9 318 496 335
448 259 305 2 444 485 172 362 450 290 281 184 73 155 106 115 35 276 76 402 102 358 186 199 180 182 207 29 329 218 1 334 492 473 87 386 281 339 324 163 88 378 355 14 79 362 186 13 255 102 327 429 315 92 95 481 80 363 240 498 200 334 97 162
178 175 222 335 373 407 69 202 318 121 313 264 189 244 270 187 295 131 312 12 361 85 37 211 484 37 331 440 441 222 450 346 421 271 63 475 21 336 209 230 43 466 414 356 96 218 137 129 19 59 330 395 168 461 150 94 439 285 146 380 435 150 85 190
353 241 397 44 313 417 13 485 438 152 132 224 49 495 423 216 84 19 157 393 162 400 490 196 81 313 465 191 443 15 101 98 115 303 357 455 284 336 88 70 198 404 332 252 323 314 357 346 324 248 66 77 476 197 13 210 488 308 251 27 163 326 192 384
136 357 421 107 451 391 339 309 282 324 471 161 245 408 206 67 222 142 361 352 495 256 476 206 91 119 189 42 89 41 439 388 21 14 64 360 254 321 461 220 281 422 499 17 457 477 404 301 202 286 47 141 72 114 454 119 336 413 232 244 426 49 87 58
80 78 7 349 230 97 399 91 381 184 475 366 80 330 164 163 347 84 485 499 454 120 351 276 308 119 25 332 311 292 317 36 148 73 363 366 479 20 428 338 49 71 124 19 253 364 472 449 69 53 302 284 317 38 290 49 12 38 209 62 6 46 332 418
482 80 245 98 136 139 259 457 409 351 475 394 318 127 22 377 167 168 296 205 194 369 466 355 382 272 93 68 106 188 234 24 276 488 251 221 320 56 383 315 310 288 476 105 26 51 305 141 491 106 442 196 287 300 192 172 304 444 107 207 94 261 2 55
246 479 332 198 470 111 447 383 215 149 145 324 98 118 435 305 318 301 377 257 29 472 141 17 112 241 92 403 487 295 230 425 54 263 263 115 130 375 468 366 432 8 259 231 37 451 198 383 372 268 490 417 55 459 357 13 288 194 123 230 287 253 109 37
323 411 221 63 472 259 363 315 288 333 441 244 86 128 417 476 412 333 491 128 482 348 451 194 328 359 222 36 71 127 297 334 332 270 63 172 361 336 496 21 362 174 79 496 474 125 332 427 298 100 154 346 133 474 137 452 290 402 57 372 49 295 301 211
411 463 415 262 398 369 326 317 135 441 464 429 365 128 30 392 102 396 175 168 11 477 358 424 493 271 380 370 248 96 162 348 397 500 458 61 66 264 36 163 121 86 480 53 444 47 438 494 98 86 80 261 205 402 499 265 217 305 203 244 390 297 330 214
302 403 224 367 353 422 415 36 96 431 487 210 476 79 43 183 407 94 420 307 34 291 473 90 431 409 392 122 324 475 350 425 155 491 78 268 7 401 479 216 440 366 163 264 231 79 222 62 33 59 208 142 276 338 236 326 68 133 119 142 377 154 204 146
378 437 246 49 454 202 74 480 172 226 376 177 90 127 273 417 142 33 408 275 135 268 274 416 33 164 81 248 426 95 136 248 317 222 458 113 334 498 320 27 101 203 118 301 339 132 283 53 53 99 79 435 164 272 22 232 380 84 284 43 230 76 418 15
28 497 54 356 487 336 65 270 434 425 143 61 487 147 489 429 380 379 204 202 415 480 94 401 365 160 32 394 123 166 142 274 476 87 102 348 347 121 402 429 433 6 1 412 227 259 408 435 315 210 333 252 133 190 335 338 171 384 125 210 190 271 494 43
284 360 24 14 21 409 63 47 170 440 342 314 312 73 107 78 180 272 167 405 361 493 23 195 471 348 152 109 20 394 307 117 156 217 137 42 37 311 212 87 335 416 459 449 9 101 79 204 340 149 143 162 110 10 244 458 445 50 438 298 488 420 439 58
433 433 311 132 494 460 313 153 4 71 486 217 235 254 247 315 13 484 194 169 242 1 182 236 200 48 349 73 325 398 11 196 304 275 475 10 188 44 188 134 150 201 105 124 117 105 340 77 186 314 200 100 352 257 448 368 58 13 446 83 90 331 255 352
478 258 349 164 149 139 240 406 127 306 39 69 280 229 214 201 428 237 322 218 424 168 325 440 371 159 86 331 75 107 340 469 251 13 457 433 329 98 130 33 394 228 325 299 208 426 468 348 249 210 449 233 67 359 466 219 199 381 119 137 177 301 346 376
328 121 52 15 174 377 16 94 438 402 337 444 223 337 255 295 371 416 487 217 153 72 357 381 110 489 277 77 217 76 156 88 136 391 270 50 195 424 451 154 102 119 322 290 176 145 135 194 215 149 335 331 314 342 471 218 179 370 399 289 53 167 442 174
215 322 328 108 427 436 225 199 257 61 198 96 243 123 108 348 143 185 172 99 482 87 3 264 159 29 205 332 181 361 107 287 450 62 462 297 413 42 179 339 105 205 470 441 9 337 27 400 77 133 385 270 241 90 95 76 11 242 183 460 297 269 15 0
50 159 395 169 200 255 66 320 439 0 274 365 117 209 425 412 408 57 435 46 296 420 23 175 64 276 60 260 231 184 426 93 411 326 128 255 264 51 66 234 191 167 4 465 55 277 5 325 264 187 2 304 457 423 235 245 43 236 467 209 326 161 489 129
217 495 246 203 221 297 268 254 406 187 24 281 323 256 280 401 16 396 273 412 35 482 265 486 33 450 362 436 34 350 441 426 345 139 287 352 119 321 302 163 189 152 499 108 22 322 231 492 141 268 281 147 354 436 11 353 326 22 196 477 69 407 421 205
161 470 36 57 452 333 239 319 329 212 398 437 462 378 474 404 119 221 393 292 352 370 204 392 367 456 89 260 352 229 356 169 327 438 208 90 83 131 436 440 31 455 498 328 381 93 18 7 407 251 458 231 88 251 141 170 4 0 443 249 282 467 78 53
127 61 253 102 358 202 41 256 365 30 164 385 166 417 170 432 202 312 186 124 20 194 87 100 233 272 59 480 272 310 192 414 300 340 430 494 446 73 499 302 88 256 152 123 478 328 426 153 362 150 175 81 94 356 216 90 485 388 52 203 95 235 431 448
22 438 328 188 127 205 249 370 412 353 387 64 386 481 109 472 119 157 363 276 394 161 268 417 432 463 338 375 180 64 412 346 10 121 213 90 225 361 114 269 472 381 63 143 307 101 416 200 445 381 46 475 366 61 465 334 479 264 325 245 484 58 242 447
178 485 310 265 155 488 201 379 223 178 452 267 114 492 234 433 80 238 282 312 74 92 299 479 101 163 194 415 157 70 77 408 358 150 316 443 159 47 256 467 147 74 227 223 264 164 251 162 500 489 298 273 89 436 252 121 454 313 341 403 54 147 325 148
239 266 467 330 176 89 298 22 43 453 374 419 36 125 310 234 106 87 497 44 322 309 245 48 464 176 214 431 188 388 275 479 227 495 247 59 196 492 305 386 430 320 351 478 75 334 439 163 246 257 149 42 282 48 191 389 78 196 143 346 396 442 443 51
446 355 197 167 53 481 468 198 265 359 216 499 498 333 7 319 43 184 40 1 498 461 104 245 479 295 234 303 151 228 328 9 452 36 11 67 304 343 162 360 487 462 468 452 76 418 325 313 227 114 185 181 190 322 239 154 483 493 73 360 356 316 189 77
54 78 274 251 211 402 477 428 321 244 286 162 479 350 219 6 498 165 133 49 450 134 135 25 289 496 161 388 442 15 32 204 392 352 308 407 301 235 92 407 26 167 49 318 425 128 275 45 330 27 427 379 109 327 196 349 214 287 446 97 3 369 499 419
347 192 419 271 3 76 65 118 106 85 353 1 412 312 238 265 134 329 271 103 187 287 320 243 122 58 451 217 31 289 470 238 249 328 314 383 468 430 3 114 322 78 489 211 276 469 315 454 167 74 323 290 390 21 248 228 269 171 209 111 219 374 278 289
136 182 424 407 196 334 24 372 236 233 78 112 321 357 128 380 260 349 73 197 129 341 48 384 142 147 442 133 90 402 91 104 83 446 171 386 91 373 477 63 100 337 280 258 280 318 463 72 278 257 0 348 215 433 73 381 458 149 426 479 397 39 447 283
42 86 152 105 38 39 431 17 119 112 408 65 195 479 333 220 63 319 290 232 387 191 226 194 387 61 169 453 363 298 260 396 403 90 275 96 148 284 466 230 102 384 304 395 283 494 222 23 39 389 226 25 367 437 64 187 343 90 199 243 216 48 333 135
216 91 198 350 276 294 424 118 405 251 452 319 259 274 340 275 391 482 389 221 450 156 406 250 201 52 287 228 468 475 318 463 199 100 168 61 16 482 348 446 176 439 102 12 339 101 487 55 381 374 500 257 240 477 182 10 176 297 74 324 90 56 125 409
110 400 407 3 474 122 312 339 316 163 461 115 225 50 256 44 38 233 168 89 355 118 476 427 17 221 335 329 207 102 220 179 300 117 310 114 169 347 220 360 61 227 335 362 79 433 32 487 31 394 156 301 103 126 300 428 336 437 150 187 162 51 380 453
354 69 424 113 113 371 130 172 246 452 14 30 461 233 121 400 7 153 70 440 465 386 274 216 36 415 161 458 156 1 342 44 155 432 279 446 367 367 472 219 236 248 435 440 177 477 383 487 36 292 360 485 376 4 85 409 406 20 47 266 339 259 347 362
179 425 159 231 271 129 494 296 460 262 445 128 111 441 390 465 280 182 43 319 259 103 95 291 462 305 249 485 171 161 73 244 168 91 156 285 118 284 60 179 389 17 224 329 27 188 257 65 422 202 400 93 130 361 485 62 384 359 23 365 235 97 112 156
236 256 306 427 400 109 436 105 188 172 233 45 374 203 244 373 397 383 148 49 309 222 41 62 385 154 179 252 298 141 157 234 437 260 419 415 122 364 316 269 189 271 44 221 258 270 114 169 142 346 232 350 178 200 154 323 438 119 415 408 132 62 168 122
324 165 478 456 7 364 209 234 181 0 110 498 42 168 60 129 70 65 487 217 144 404 182 149 394 205 99 476 21 236 299 456 392 101 309 309 466 494 364 178 447 114 154 307 358 91 156 51 323 493 140 17 139 158 57 382 52 271 20 315 150 207 488 70
371 314 279 318 54 428 289 172 116 108 115 472 347 428 338 205 125 9 333 173 65 431 428 169 33 213 303 257 132 283 64 472 251 455 381 63 339 15 20 28 176 463 489 259 394 401 82 224 257 495 480 398 13 72 480 123 168 3 164 45 60 416 340 228
469 126 76 143 283 210 110 8 121 312 73 480 39 175 346 116 289 216 213 87 403 130 310 296 71 193 97 180 130 225 461 482 486 15 416 70 304 59 160 34 93 27 498 247 62 287 175 310 127 137 165 255 438 344 274 408 134 158 377 403 383 414 84 359
486 6 310 274 413 362 133 262 309 299 495 449 489 365 21 274 140 490 394 263 465 90 50 40 49 480 232 403 383 83 212 140 37 277 414 459 48 366 469 441 457 36 86 368 346 329 494 20 448 247 74 223 154 256 322 335 496 361 133 310 362 343 371 82
456 434 121 114 33 384 30 381 469 371 310 354 15 368 498 356 425 298 455 288 246 202 217 245 29 173 134 402 426 77 126 370 441 263 445 445 210 247 470 188 430 54 79 89 185 165 399 196 214 70 218 484 274 15 345 166 325 381 449 49 155 441 440 156
133 253 476 44 354 450 430 21 490 351 234 263 109 386 378 414 257 268 495 251 319 16 225 165 304 410 123 479 101 404 297 278 290 118 295 305 472 422 427 379 94 12 22 424 236 228 491 170 396 57 453 495 486 155 261 75 131 458 130 68 152 454 260 288
311 467 16 377 178 112 475 31 209 50 43 390 296 148 22 12 395 41 456 330 244 236 468 10 387 362 112 61 340 141 312 95 222 491 256 409 401 415 387 232 403 231 253 358 480 26 266 246 358 160 381 472 419 85 398 149 16 5 85 118 307 463 320 426
128 27 454 328 277 40 137 426 195 53 235 104 325 107 419 81 169 171 354 110 403 71 353 205 70 193 215 13 128 84 442 472 378 207 148 395 201 112 224 411 377 73 15 449 278 18 82 339 466 233 37 369 179 95 493 65 368 292 110 89 230 239 336 242
130 44 217 325 8 258 282 79 13 32 249 190 378 271 416 275 331 40 474 22 62 106 196 151 290 225 486 146 254 464 105 160 102 499 5 55 18 201 373 373 157 245 152 140 311 128 190 6 93 110 13 47 280 222 42 315 113 199 371 58 12 311 118 224
409 318 327 492 177 140 245 17 381 359 88 332 45 495 86 374 34 24 295 52 89 131 250 169 131 70 256 189 143 336 445 72 91 38 339 487 277 452 397 161 415 141 178 322 165 499 285 18 135 201 148 203 491 469 391 366 317 213 368 454 374 220 213 381
143 417 89 314 78 242 216 476 25 484 183 104 263 386 214 64 463 279 67 396 245 470 37 248 464 489 331 417 244 486 482 309 78 288 274 441 319 439 342 419 348 255 230 434 358 476 62 210 33 442 435 141 447 128 397 321 179 366 473 424 402 468 132 494
38 290 140 393 76 31 91 468 237 429 113 495 414 430 158 448 245 311 363 435 230 316 398 374 232 431 474 490 74 314 211 162 173 313 449 254 113 347 353 86 82 47 463 380 288 42 99 331 104 102 20 482 72 305 84 38 293 246 254 368 302 405 245 26
110 203 46 40 433 486 254 153 303 154 292 85 371 396 238 469 51 236 301 275 8 204 300 307 488 167 401 475 313 411 14 446 315 59 76 319 360 276 282 352 23 442 67 402 118 475 65 8 64 16 96 27 311 320 82 118 236 366 461 441 474 209 412 343
484 238 410 366 467 64 23 303 498 366 495 408 90 299 46 437 172 377 491 449 415 192 149 1 407 344 473 379 54 419 231 146 305 310 197 428 440 391 264 145 34 237 258 108 19 290 93 87 296 349 5 55 298 233 102 289 498 368 380 398 82 449 349 109
30 113 221 70 498 209 43 250 29 200 314 107 437 208 54 283 50 19 349 376 1 40 207 151 1 424 174 58 226 0 344 250 442 84 263 194 224 209 296 497 450 215 350 199 165 182 358 169 304 281 131 145 299 335 321 345 152 126 78 190 195 170 226 14
477 454 428 317 400 443 105 405 53 0 146 313 456 144 261 382 250 22 105 213 102 116 94 61 454 127 62 166 163 452 378 36 64 248 283 114 457 50 380 396 457 229 192 129 135 207 399 181 190 225 464 439 86 385 121 148 297 14 382 460 434 470 247 372
98 248 222 80 38 364 123 339 354 431 278 281 455 332 161 163 471 368 493 68 24 5 482 466 6 103 138 103 389 110 391 499 52 396 488 181 387 340 348 235 27 126 110 312 57 403 481 65 94 88 27 350 222 257 10 42 338 52 69 429 60 63 41 317
427 311 398 218 132 300 281 233 23 42 291 443 373 400 329 354 153 238 76 44 345 197 78 229 102 99 35 27 1 104 442 165 234 461 289 124 296 70 171 34 106 126 271 3 9 198 152 293 432 410 31 488 205 387 232 368 308 428 6 224 356 409 478 393
488 329 167 257 248 426 456 79 25 454 245 469 467 85 462 476 316 121 427 432 335 419 117 189 140 19 52 79 56 49 131 438 470 335 288 182 466 240 253 130 433 264 431 455 142 349 209 67 397 361 289 323 169 52 478 148 419 54 274 394 404 323 81 340
118 35 475 383 135 436 331 483 478 42 459 219 9 35 154 328 440 285 181 398 269 451 76 7 233 494 371 208 408 164 80 151 297 196 214 474 498 39 159 33 119 319 334 271 26 370 304 4 50 481 299 80 212 81 171 344 480 135 333 431 190 356 131 109
103 160 55 286 355 9 414 411 24 174 31 192 493 301 222 479 175 386 240 166 87 485 188 48 495 67 14 59 119 394 432 243 121 199 126 245 72 443 358 479 88 97 307 58 170 285 200 138 262 95 254 230 326 242 192 327 232 74 4 31 151 7 484 383
347 479 358 352 333 337 417 450 490 410 432 23 314 127 146 303 297 464 0 496 93 64 319 359 100 321 407 500 479 15 20 416 171 443 64 36 469 48 69 1 187 108 54 293 119 386 315 45 160 93 480 391 431 283 294 493 217 414 319 41 334 174 291 490
446 151 66 157 204 328 487 133 86 216 387 493 393 342 243 440 20 189 371 435 406 251 120 216 323 381 338 6 26 156 99 462 409 317 310 449 326 85 83 342 394 147 9 296 273 434 135 473 456 102 403 147 192 254 254 94 480 25 44 405 132 385 47 371
18 428 13 306 494 0 61 188 478 22 37 244 363 280 196 27 14 124 114 273 227 42 24 425 357 53 261 188 346 475 216 290 424 163 492 459 245 187 488 257 252 103 486 206 417 109 131 499 446 376 268 303 22 110 202 221 467 293 58 52 160 25 372 15
59 119 299 34 443 442 328 226 263 284 299 401 167 447 300 461 467 458 154 256 105 294 262 363 46 33 242 55 247 429 316 52 231 60 201 422 40 31 210 284 450 406 52 54 220 47 421 76 52 309 170 209 211 111 342 408 370 10 249 304 359 471 34 382
490 206 349 136 436 485 85 289 377 44 363 320 475 117 498 444 25 285 343 395 313 243 36 328 484 484 258 429 278 82 263 394 270 142 310 277 474 470 409 177 85 399 307 328 290 225 380 86 315 425 36 153 224 331 115 239 467 327 40 82 66 153 128 89
107 472 384 98 328 175 267 106 324 405 445 213 101 18 116 167 79 124 144 278 300 475 131 144 78 87 206 193 481 149 263 496 386 490 94 428 157 365 365 443 469 114 329 395 414 356 269 461 238 186 436 270 493 66 436 496 402 243 117 441 26 246 41 195
488 166 75 372 191 126 262 190 46 73 61 414 208 176 319 20 107 192 89 124 390 259 320 286 228 359 220 359 484 28 192 444 472 173 203 93 29 110 97 357 33 297 32 489 317 167 53 170 227 22 141 473 219 497 478 274 84 48 412 182 121 131 326 75
17 351 404 451 101 12 348 381 325 285 87 445 496 98 326 45 236 7 56 123 323 496 35 426 260 372 373 413 440 332 236 195 216 172 41 486 421 160 299 282 200 294 161 155 396 476 213 145 168 482 10 268 202 111 125 410 130 253 39 149 19 62 98 24
317 346 481 323 203 314 341 294 199 232 116 130 68 237 75 441 464 482 142 395 342 122 470 382 8 382 58 326 289 97 473 280 326 139 381 4 492 2 474 374 478 431 92 14 109 2 218 452 47 221 488 40 381 424 175 496 43 186 145 480 84 494 440 425
263 392 134 66 307 329 447 414 167 462 302 302 295 455 256 53 334 96 255 269 459 436 96 472 14 92 113 179 289 324 174 384 329 95 136 51 129 344 231 490 495 250 433 121 190 50 176 98 85 209 353 270 487 261 329 97 250 153 154 117 18 10 316 397
244 289 443 463 484 497 339 336 364 157 164 165 428 251 190 429 250 290 328 73 82 464 417 430 227 141 112 121 264 257 212 289 92 34 262 191 274 434 415 35 165 327 499 400 103 123 246 78 312 179 426 483 368 209 83 315 10 142 92 385 497 444 110 47
247 149 232 434 436 161 17 330 204 490 290 487 143 494 94 304 225 428 168 164 320 99 309 183 294 231 252 71 479 466 34 278 494 339 412 253 123 359 11 440 213 30 402 467 44 492 184 345 317 12 170 91 73 405 205 74 416 280 143 385 198 469 429 73
360 284 420 440 145 65 123 298 440 2 63 297 201 328 219 53 72 91 350 315 15 442 22 51 461 196 445 106 61 462 393 361 90 474 53 477 433 109 496 145 412 299 77 329 482 231 243 343 174 249 401 423 193 375 485 180 494 351 387 28 267 46 245 476
188 151 103 328 446 111 41 231 404 167 114 454 277 269 53 365 99 195 44 365 442 80 288 390 346 494 297 173 299 413 33 449 282 38 64 389 91 135 412 124 390 60 22 406 78 464 389 219 492 347 434 67 195 71 278 153 425 148 458 432 190 209 218 345
285 2 325 216 157 77 187 426 264 217 221 422 468 310 209 345 490 151 22 179 31 473 190 452 123 215 97 458 258 384 88 124 196 206 397 49 262 340 341 371 320 141 260 353 457 338 185 443 63 357 462 210 488 377 349 348 391 127 91 382 412 68 167 154
64 232 356 447 388 229 300 75 365 223 340 267 235 132 355 97 52 62 12 488 278 168 498 317 406 443 284 194 473 61 337 139 173 270 146 435 199 171 143 64 474 321 274 399 181 266 383 220 375 447 134 435 470 105 491 113 313 246 390 431 243 305 11 484
272 325 487 268 488 172 210 94 183 57 452 65 339 439 91 161 94 437 305 197 112 238 304 71 461 151 271 25 317 493 63 371 274 484 137 122 466 498 497 46 256 413 36 481 299 45 170 212 488 256 172 370 175 183 392 294 454 261 158 17 138 131 144 438
115 378 365 162 328 219 414 432 31 310 446 349 143 32 171 496 152 58 461 116 1 105 369 426 101 436 70 8 334 70 429 84 284 474 314 440 486 379 142 179 193 411 454 147 286 245 214 379 205 194 444 429 105 383 286 317 434 247 446 78 18 204 68 264
376 234 384 449 324 147 331 470 343 365 57 413 311 395 231 407 129 387 294 438 120 268 1 101 205 323 7 187 335 437 473 224 95 188 118 58 223 136 65 433 494 54 360 195 405 247 12 201 221 305 313 495 490 414 429 123 250 327 377 123 355 169 99 422
212 6 119 225 316 296 439 146 406 311 170 7 315 298 64 245 229 81 357 320 170 260 435 70 29 31 249 275 103 332 339 245 60 12 408 373 39 179 43 260 269 211 100 63 249 149 70 250 200 144 402 289 210 246 109 22 85 98 473 134 373 430 150 384
251 382 193 202 88 391 328 44 412 424 319 211 230 137 130 8 125 196 120 493 311 56 191 481 58 17 79 376 86 227 251 42 113 418 84 249 442 184 362 452 251 157 15 286 78 493 168 492 375 174 261 334 163 477 350 288 400 234 274 137 262 77 41 358
261 486 347 132 194 359 124 500 188 194 232 74 246 266 495 275 126 211 168 158 61 408 145 146 437 367 310 82 345 437 156 476 286 216 140 56 279 423 253 393 109 379 243 458 171 426 366 374 71 106 395 293 289 262 315 151 97 251 21 320 368 37 106 491
55 50 315 302 347 129 88 52 286 54 394 47 422 364 118 22 181 78 303 186 414 462 54 295 387 485 19 39 82 304 417 494 57 379 190 355 229 139 237 134 203 286 108 372 47 395 197 100 299 74 57 468 70 49 87 408 292 200 314 464 223 132 12 406
287 125 188 410 174 461 165 404 320 38 47 381 396 476 189 210 312 113 204 265 418 342 234 196 15 59 214 488 373 262 392 483 388 447 51 312 23 443 129 387 378 197 158 227 85 72 183 112 347 132 90 277 68 378 463 316 406 346 461 33 365 163 229 152
405 315 61 84 55 275 490 115 238 363 394 443 491 131 442 434 152 90 368 419 478 338 490 166 106 221 424 348 319 51 91 81 165 408 209 164 184 52 261 488 445 172 351 411 495 455 282 313 437 10 331 252 254 361 187 58 153 265 125 326 349 204 305 411
38 151 442 408 294 87 404 160 419 89 111 439 301 369 475 163 346 66 438 193 17 327 436 168 418 441 60 164 139 313 71 107 192 186 127 337 188 88 188 497 420 445 257 463 87 293 21 482 74 459 163 396 461 30 348 142 308 442 479 386 383 37 462 266
299 107 170 310 394 197 469 484 231 115 462 66 107 25 279 282 65 59 168 478 104 337 60 395 330 156 493 89 46 39 313 290 466 217 247 72 163 314 313 399 323 251 152 424 129 99 298 311 426 425 99 75 63 272 32 226 218 432 360 121 17 481 170 250
227 76 454 46 168 64 220 44 121 244 63 117 404 354 200 298 428 80 289 108 128 67 132 338 446 158 246 192 122 485 185 359 163 88 424 167 197 45 3 275 356 415 399 459 98 294 284 84 268 127 244 473 476 282 196 332 385 288 160 60 270 321 211 447
464 319 21 84 175 224 484 141 337 75 129 450 375 235 172 231 176 99 443 317 197 266 386 416 454 244 433 376 226 368 39 428 371 207 226 46 268 411 112 120 408 477 420 11 179 222 422 351 403 343 46 492 410 336 236 207 178 488 289 74 30 217 293 440
442 128 462 10 74 433 335 68 364 27 70 430 60 29 152 15 405 450 48 213 190 150 416 391 236 360 321 354 39 267 228 26 418 192 278 294 195 253 74 418 149 188 236 391 263 61 337 421 52 368 124 358 241 71 22 148 326 258 420 429 424 66 159 408
254 244 264 285 193 339 88 337 44 14 396 82 71 486 362 167 433 441 275 342 230 490 46 226 125 118 11 32 201 40 404 141 424 321 425 44 81 222 7 122 219 370 146 419 397 3 228 25 474 359 275 429 74 352 473 403 331 241 64 323 318 116 50 364
142 416 435 193 192 13 82 211 171 385 10 71 223 183 292 424 82 299 194 172 119 220 68 22 425 425 489 487 178 473 200 392 405 198 352 469 263 363 428 257 115 96 133 151 18 226 151 321 381 97 56 120 455 404 353 431 362 134 104 245 177 250 496 12
148 188 408 482 52 297 289 317 381 452 220 158 212 396 283 362 482 261 55 176 205 392 378 182 410 423 300 373 330 128 413 244 30 230 321 78 310 383 356 483 454 94 140 54 365 66 407 303 81 172 148 161 95 458 61 160 68 385 270 25 156 84 428 141
75 83 287 31 223 382 47 182 16 38 258 12 237 348 337 81 448 407 272 173 255 371 202 343 264 180 343 95 281 430 139 100 487 176 102 144 45 101 219 413 141 159 184 270 497 412 93 194 56 241 6 392 46 16 106 366 371 489 175 427 68 198 407 76
439 223 378 464 213 346 403 388 47 164 63 52 362 88 287 415 356 219 460 108 311 241 412 372 500 225 26 93 310 138 288 397 367 315 427 347 112 408 408 6 68 430 210 425 38 349 269 386 20 191 200 195 479 379 27 490 69 352 139 282 289 358 202 168
427 153 285 39 43 173 345 284 318 490 175 54 306 470 258 344 284 439 474 283 87 196 400 31 435 8 310 28 494 223 149 388 387 144 307 383 30 136 297 130 144 463 148 23 53 90 256 95 500 25 201 5 134 101 299 261 109 143 102 80 111 55 20 226
224 193 433 31 426 197 428 8 473 173 496 196 255 208 415 441 333 69 68 37 338 319 414 464 260 493 280 2 157 390 225 106 494 65 240 121 330 138 166 450 160 9 196 457 403 93 486 157 134 225 26 101 35 19 183 362 486 395 262 347 208 282 302 245
102 316 320 42 500 235 439 116 200 249 317 178 359 100 253 345 387 459 284 144 37 325 302 318 98 43 229 189 434 88 364 161 58 218 307 431 270 448 236 120 351 308 409 390 452 476 289 255 43 140 450 400 313 328 119 450 355 58 294 120 109 346 170 316
325 475 76 202 379 263 181 176 77 12 206 46 492 301 161 364 123 474 398 175 101 371 134 381 280 332 287 207 69 495 228 168 430 446 243 90 372 470 374 456 119 99 496 448 308 52 25 98 96 85 30 149 250 374 38 243 476 466 481 35 351 108 239 349
454 406 355 186 245 402 381 141 240 81 229 439 170 129 27 157 414 186 51 463 299 255 153 487 260 99 55 476 105 97 6 182 337 271 169 78 55 222 279 460 63 229 195 147 488 53 288 499 179 143 130 325 358 296 122 247 319 38 449 346 219 297 426 462
206 446 141 353 251 295 447 345 57 465 192 304 176 495 99 380 205 91 159 239 495 79 204 243 322 186 186 346 406 49 378 316 440 67 498 452 326 158 330 45 432 498 149 259 391 469 291 299 266 36 500 216 205 338 386 436 333 198 487 71 77 276 63 402
320 78 443 481 376 4 223 453 363 30 260 495 41 251 329 316 156 156 470 148 354 17 338 452 300 365 212 173 237 50 9 252 52 429 257 435 496 295 416 292 94 167 141 370 300 324 4 451 331 91 121 84 286 149 401 68 100 301 480 6 330 279 71 113
89 345 34 500 161 495 440 249 398 299 104 124 342 38 378 467 404 231 163 207 162 499 26 489 460 46 424 224 117 323 260 382 80 167 129 51 8 311 429 84 373 106 355 288 470 246 479 465 48 191 189 430 1 99 389 439 284 248 231 234 119 236 25 55
401 109 457 326 65 174 56 429 407 177 467 473 76 228 246 388 57 302 407 120 430 361 53 0 170 380 476 482 383 48 455 374 230 489 431 453 0 459 444 184 387 301 132 305 302 484 344 74 498 444 55 256 469 104 20 35 267 337 115 287 342 466 142 319
122 484 71 495 357 31 7 473 337 467 485 432 305 439 148 409 19 294 316 61 499 445 69 241 163 449 28 489 215 493 232 382 398 72 375 499 245 484 173 361 454 22 396 116 81 146 274 36 44 55 177 107 323 190 334 59 275 276 209 73 65 154 102 152
345 235 18 409 351 439 171 120 241 28 403 459 15 235 481 175 395 114 381 329 396 434 152 485 83 40 338 127 31 378 243 401 487 305 402 263 429 132 248 129 338 329 182 17 391 324 26 229 398 476 4 371 355 394 390 500 434 171 433 329 482 470 61 49
436 59 262 380 272 256 344 449 56 382 171 108 123 450 471 333 252 254 77 466 182 239 282 365 11 370 186 18 137 257 398 212 390 487 115 342 111 14 200 429 333 450 151 270 261 62 76 289 289 73 21 196 310 118 361 466 419 469 241 358 488 14 111 202
357 364 135 345 434 285 254 70 79 50 20 414 315 345 7 410 135 16 422 290 355 371 452 42 230 158 6 140 85 421 221 149 312 279 70 261 388 405 325 454 163 298 319 459 313 450 108 70 135 169 203 171 496 251 389 406 85 468 180 25 49 57 326 480
46 123 89 65 269 25 499 164 195 192 109 500 402 120 94 181 81 388 397 328 317 379 157 146 334 39 259 292 419 140 395 18 356 426 262 155 445 489 497 115 478 65 63 286 327 364 25 330 458 287 266 350 297 470 449 170 499 441 337 5 28 71 139 392
23 327 283 400 366 378 177 103 283 309 270 283 495 470 332 221 374 245 140 323 229 419 491 348 435 282 286 392 232 299 273 432 194 224 36 444 500 238 421 448 107 358 344 119 488 160 186 313 236 46 328 204 81 481 58 102 24 316 174 21 29 304 173 251
474 471 102 356 35 1 167 358 357 371 281 0 0 236 296 344 136 241 374 97 198 305 301 419 240 315 361 372 489 133 328 276 196 160 236 479 11 353 229 228 244 440 478 215 187 420 38 165 496 76 430 110 249 324 198 101 449 316 169 491 286 367 8 347
452 116 371 294 484 122 480 252 277 276 13 133 477 462 406 419 335 223 297 104 135 402 52 80 197 343 3 373 268 101 174 393 188 214 282 480 158 190 109 354 331 212 152 446 290 300 380 234 82 238 365 278 103 498 61 423 375 208 344 188 318 303 125 455
36 362 132 285 383 392 80 205 350 453 19 432 223 211 176 41 211 227 135 327 382 44 318 32 176 446 15 10 147 402 138 213 456 263 289 83 310 49 145 115 378 414 420 456 275 289 30 30 253 103 101 5 305 118 464 78 169 275 78 48 450 29 99 413
468 435 479 278 375 347 230 150 411 34 407 336 410 466 415 29 206 479 362 393 97 17 178 202 59 186 188 389 473 276 199 81 272 496 15 160 345 457 468 256 149 150 166 359 282 270 286 117 458 306 377 24 236 54 497 216 253 390 437 267 297 287 346 179
414 342 198 246 411 269 320 54 451 13 319 43 272 89 488 366 139 105 297 119 348 278 236 410 45 14 161 93 125 146 304 133 8 16 464 393 296 483 383 144 373 445 405 0 219 313 423 363 124 178 292 443 99 0 397 337 40 80 400 332 401 84 244 142
220 252 88 461 467 118 430 435 382 170 429 180 157 266 445 311 73 284 448 61 203 67 370 358 495 491 350 97 494 352 242 94 285 253 243 295 472 175 2 83 216 497 291 464 266 349 349 227 389 120 451 173 177 354 192 496 447 180 323 374 272 347 385 444
283 107 401 47 194 79 89 467 82 329 303 395 43 32 111 452 366 262 358 227 337 190 364 206 22 80 467 485 59 282 213 220 313 110 40 391 279 360 242 392 414 383 84 247 219 310 158 75 303 197 38 327 119 329 239 304 228 141 177 473 56 201 381 205
86 93 11 371 351 449 298 160 329 102 199 9 21 161 381 155 23 7 239 75 343 307 158 182 309 360 464 20 457 69 391 431 460 309 432 397 339 361 338 260 139 447 392 243 426 106 88 375 225 418 270 500 6 377 214 340 483 107 350 232 80 315 19 171
398 314 414 319 74 275 191 97 411 484 322 484 135 165 153 36 416 455 134 7 32 182 27 481 329 497 106 173 210 109 133 309 362 499 427 407 277 494 256 433 485 347 239 399 235 40 59 446 420 35 342 412 174 298 188 331 95 36 78 362 193 76 332 488
268 304 178 113 81 150 289 164 337 72 32 38 428 395 115 64 170 171 350 250 132 164 91 192 156 270 151 194 189 443 295 360 43 357 15 186 254 117 238 273 87 281 351 449 232 322 35 339 169 327 301 388 99 247 481 67 172 201 58 477 491 197 252 340
308 346 452 407 107 184 34 248 97 68 206 175 210 371 179 400 334 213 28 107 161 48 381 336 231 168 306 311 183 423 365 36 157 41 202 94 254 481 295 401 41 175 276 94 294 411 282 30 395 86 105 427 264 438 420 271 167 41 136 494 401 485 97 347
112 212 344 20 316 226 255 56 396 181 88 274 58 172 183 410 229 110 170 315 243 34 395 273 298 413 436 79 131 348 177 482 147 417 361 343 428 356 208 426 435 101 389 275 356 300 231 337 406 153 427 436 104 177 299 178 81 441 322 484 6 25 31 244
274 161 201 437 456 251 198 263 215 424 275 341 266 493 317 281 356 176 72 489 145 491 440 155 69 234 392 201 412 187 289 377 279 128 57 487 68 49 160 25 481 171 185 75 69 328 325 30 361 399 23 317 196 275 172 194 394 497 259 263 316 389 436 233
439 25 224 497 304 266 32 86 335 447 333 372 88 438 250 495 142 76 373 452 92 274 182 34 371 386 464 295 273 77 22 170 41 47 123 386 451 495 46 360 44 87 380 298 67 479 183 4 187 137 103 434 272 418 320 263 78 290 210 176 93 468 154 404
369 267 111 438 362 65 372 390 124 22 82 484 62 346 469 18 183 224 31 167 59 167 160 260 347 329 327 111 169 465 467 386 448 417 413 123 211 322 429 231 334 118 495 184 205 292 146 341 143 151 239 222 477 445 380 230 473 317 319 37 418 418 488 350
420 53 415 291 88 420 200 59 144 274 343 263 155 26 413 311 141 322 471 133 400 10 400 281 435 224 293 383 373 26 387 109 497 85 367 54 353 304 298 456 346 167 27 471 108 0 285 152 41 123 287 176 1 254 96 128 277 255 208 66 321 230 159 486
36 71 163 378 56 5 407 16 11 496 412 234 286 265 245 123 325 399 186 313 221 442 360 340 207 268 454 480 470 218 453 334 133 206 393 61 308 465 277 462 316 88 87 208 3 374 406 387 111 268 146 349 376 405 461 139 210 190 242 165 54 67 493 83
289 212 109 46 208 213 64 67 22 211 176 88 396 441 167 58 12 479 422 17 435 185 343 284 449 68 276 83 499 448 427 367 53 378 380 148 404 462 434 223 74 460 438 500 79 244 125 33 58 282 97 307 369 16 304 142 290 313 299 52 133 3 304 83
72 460 390 439 403 355 291 336 129 86 162 221 9 413 200 118 404 454 217 184 51 7 426 93 435 346 377 72 398 203 492 207 308 24 107 191 408 338 397 25 270 458 20 457 500 472 481 243 29 40 179 227 383 40 412 121 272 97 418 370 263 306 139 81
266 422 130 192 341 227 210 371 227 325 259 433 386 452 181 374 87 65 126 356 174 240 203 423 401 474 71 364 406 91 9 215 143 471 455 284 357 65 230 478 156 379 335 290 269 108 50 398 14 223 327 298 242 88 277 3 280 64 381 3 272 69 325 84
28 16 458 236 487 425 404 162 208 316 188 105 314 33 95 347 201 110 345 288 274 2 18 289 273 360 120 361 324 337 144 145 124 443 244 334 42 68 113 111 24 496 10 312 85 475 320 239 163 15 106 472 273 146 309 360 390 10 439 159 253 468 122 187
408 279 265 269 238 215 24 206 388 327 299 310 30 28 50 474 317 433 158 366 8 432 403 390 357 292 207 249 123 430 489 66 165 191 465 155 203 315 444 236 87 238 101 320 159 197 93 126 241 112 319 115 475 135 151 148 222 193 478 122 335 248 101 493
479 130 102 147 466 99 496 496 355 216 108 357 471 107 265 104 411 3 347 388 82 56 445 59 33 422 482 472 4 246 230 379 178 32 260 466 422 319 381 20 136 320 29 44 405 349 43 250 308 449 228 181 496 345 133 410 315 474 183 246 226 29 387 445
131 274 13 13 420 184 188 126 367 227 44 310 466 355 266 366 260 119 31 303 28 7 169 374 293 88 183 56 285 424 71 396 359 145 281 392 354 124 315 31 307 105 250 249 72 431 313 57 177 126 240 91 203 315 365 116 278 36 485 197 291 62 325 327
452 486 465 116 420 471 117 368 23 60 57 140 138 464 438 43 34 168 171 89 350 26 475 428 431 83 406 487 461 120 223 129 219 72 107 425 154 205 269 149 375 153 111 260 387 396 63 431 11 369 299 142 450 239 98 101 184 115 27 416 156 419 360 65
421 336 233 215 43 245 59 497 124 167 191 181 131 324 434 362 304 493 286 155 180 221 224 160 497 133 248 420 220 343 429 184 382 41 492 335 494 477 12 246 4 196 306 2 202 392 241 14 282 34 291 314 415 272 282 247 116 4 285 218 326 130 179 185
286 333 362 204 399 36 318 207 429 115 316 293 105 143 116 455 314 249 309 338 422 356 155 409 79 201 6 393 412 341 204 141 44 95 325 471 102 347 1 51 336 92 145 467 239 26 255 256 187 488 166 74 19 369 205 403 324 365 238 170 40 350 259 477
421 182 412 102 492 318 352 448 206 227 84 63 316 435 366 383 49 204 314 218 281 392 209 157 439 25 151 436 196 199 282 80 381 182 0 419 398 127 15 454 441 107 334 109 429 157 230 121 185 361 445 362 123 172 437 12 214 89 196 289 113 73 342 451
415 108 227 259 173 60 79 108 247 434 380 365 247 203 193 247 20 205 222 155 297 54 240 122 297 477 102 425 263 402 82 156 142 440 269 463 409 139 158 59 99 400 227 11 149 171 330 432 133 210 415 381 336 35 78 79 253 287 458 466 468 249 344 315
15 252 461 4 236 295 130 288 400 353 96 361 152 218 252 436 313 257 481 437 380 245 365 150 371 310 410 125 486 48 313 267 455 313 119 294 130 104 62 62 258 494 189 25 255 271 149 288 77 121 387 402 474 144 204 444 81 150 27 84 305 214 394 416
325 84 34 332 361 333 401 103 322 101 23 221 336 224 188 13 475 173 69 220 47 103 441 132 131 459 265 101 63 325 88 295 16 80 279 353 1 65 427 128 230 303 212 391 152 389 365 387 307 380 263 256 158 377 219 302 417 396 404 275 48 228 288 341
30 163 125 55 132 479 151 299 399 155 43 322 386 3 255 120 358 187 350 51 191 462 88 319 478 108 154 51 281 322 266 106 100 234 441 43 119 225 358 382 370 490 219 229 370 154 312 193 488 474 127 242 213 218 167 443 202 135 426 466 103 405 12 32
425 272 443 17 303 468 238 419 386 147 280 500 361 111 336 368 281 352 195 11 51 464 369 386 337 264 441 429 192 97 215 269 340 403 324 416 273 129 278 312 476 470 149 242 206 85 103 409 205 97 223 452 466 49 86 364 133 51 46 454 384 97 183 436
254 370 276 436 215 470 176 97 247 74 350 178 209 468 493 424 411 18 382 261 275 170 171 377 44 42 88 474 282 116 396 249 294 373 460 449 0 169 325 382 130 145 298 35 53 471 428 39 81 12 215 176 424 479 153 351 415 495 398 101 100 345 439 412
101 375 75 56 260 251 315 427 110 249 202 444 383 220 175 56 342 131 60 15 48 433 260 269 435 233 35 232 319 366 490 60 180 52 216 185 105 483 66 265 380 272 266 95 106 472 414 421 101 126 363 219 366 179 282 162 169 323 255 122 337 489 376 21
156 423 17 19 324 380 50 61 257 144 41 64 344 43 106 250 34 360 410 303 366 23 446 475 139 329 37 470 294 86 431 85 47 45 158 52 400 327 373 481 441 308 108 388 171 485 336 47 461 355 349 483 53 361 235 488 404 379 56 431 127 261 153 320
450 499 198 426 166 5 327 250 172 500 181 212 282 78 473 377 73 425 448 326 282 235 432 495 498 239 414 28 194 283 153 288 128 400 370 47 395 58 428 264 112 377 479 86 452 204 143 486 481 111 445 234 457 153 268 444 472 49 288 42 272 330 428 31
259 361 283 336 417 157 30 465 215 387 126 354 135 262 367 78 52 61 9 397 361 197 207 204 68 75 198 225 339 236 387 43 133 249 275 314 61 172 214 373 216 204 209 23 200 159 172 327 411 325 245 153 155 433 426 262 372 225 83 186 249 349 123 438
432 224 19 357 126 194 437 260 481 227 423 485 134 437 47 389 500 298 493 478 85 432 318 131 359 273 48 32 46 229 361 12 312 109 204 161 34 356 41 204 383 9 390 384 70 406 87 372 395 264 2 353 292 457 51 271 69 312 425 29 43 135 113 167
495 64 119 474 23 267 137 404 140 400 240 476 201 94 377 486 296 397 141 314 458 407 474 247 257 44 191 148 368 23 408 368 123 367 421 135 219 104 437 276 256 207 98 0 490 483 174 137 88 186 357 125 43 273 337 130 139 182 369 44 334 160 185 481
5 399 53 451 420 303 196 299 43 302 258 498 351 492 208 228 29 108 486 279 333 26 261 367 453 392 433 474 496 253 155 95 298 261 488 210 346 296 382 192 323 423 345 259 221 81 339 391 374 257 84 98 461 236 429 314 111 300 361 27 69 21 357 292
160 94 156 296 41 152 192 453 322 344 279 271 204 402 206 198 241 225 56 347 18 186 78 295 271 450 108 482 4 239 251 27 10 484 481 338 184 326 153 464 57 84 307 185 398 6 475 35 221 100 317 120 165 473 397 196 129 233 192 302 345 129 310 438
343 89 171 213 452 74 321 293 34 162 170 178 351 60 283 255 290 306 193 109 238 435 396 489 317 378 475 115 470 373 7 205 214 111 119 87 324 418 420 112 83 35 249 203 60 135 426 181 265 342 442 304 12 492 79 219 436 261 155 405 186 303 115 102
275 419 46 194 118 482 99 491 369 390 463 80 168 246 360 221 309 185 165 262 301 280 248 0 59 258 231 355 257 358 496 6 442 266 331 291 433 375 343 156 249 245 311 6 470 398 398 393 138 43 240 46 446 347 480 242 177 448 141 270 95 423 168 227
338 109 500 45 400 132 354 120 8 62 252 97 27 145 270 333 482 304 29 473 342 53 466 466 404 240 363 429 339 109 96 487 477 171 97 80 143 304 257 133 319 317 273 205 363 118 248 320 410 188 227 196 297 260 381 74 373 282 289 219 320 135 98 329
153 49 382 285 239 171 496 495 466 466 497 90 83 430 298 340 34 264 5 349 437 50 366 411 202 146 65 295 2 353 381 464 443 408 476 434 488 11 275 56 273 388 0 357 288 33 415 444 82 450 268 186 35 181 491 316 454 71 22 366 425 41 403 138
118 183 160 371 482 120 100 129 433 348 186 403 15 492 251 180 364 185 217 415 219 361 5 288 488 289 437 222 258 386 173 89 248 373 183 175 456 423 68 12 406 426 360 267 113 212 471 104 469 304 26 465 466 298 331 179 201 322 254 115 175 436 367 2
43 329 304 34 454 134 47 226 334 22 121 52 289 165 195 293 293 125 86 7 264 230 420 242 266 267 469 216 480 51 396 491 264 226 326 131 355 461 362 288 467 10 319 380 16 404 398 50 140 119 21 261 478 431 233 237 375 70 388 203 49 118 70 69
292 237 492 233 6 232 351 16 417 84 65 10 33 18 239 253 479 252 476 443 52 426 207 366 28 368 417 329 29 73 19 467 240 184 386 219 437 422 473 398 240 425 276 240 258 300 177 337 382 37 138 45 21 72 100 274 378 328 271 160 185 358 243 93
148 478 300 313 153 197 69 408 390 264 382 262 306 308 128 13 186 293 171 419 322 0 375 122 337 365 114 199 433 382 234 90 144 347 396 3 141 241 351 17 465 346 190 215 282 25 468 392 229 16 246 498 153 192 480 272 99 0 361 212 248 152 475 337
200 482 402 458 385 236 432 422 383 259 220 478 286 93 393 266 282 29 240 490 442 418 389 74 185 156 171 222 160 453 147 60 310 449 147 165 482 342 468 55 189 411 312 21 181 497 462 440 338 356 93 160 324 497 126 398 346 145 139 82 318 209 179 229
294 127 319 177 235 410 479 310 149 336 176 10 289 365 247 375 461 56 65 322 286 443 137 255 90 251 36 401 379 24 94 117 495 89 301 422 490 347 407 407 232 335 484 130 174 475 293 214 364 271 350 42 197 318 334 402 16 189 259 478 32 141 67 240
493 319 4 88 247 127 306 442 70 406 190 175 480 49 421 10 347 340 50 348 246 473 469 307 483 63 65 432 275 473 100 228 231 218 247 216 139 366 371 255 413 476 419 29 25 129 411 97 414 137 483 324 48 400 334 243 283 455 491 10 3 434 224 139
24 386 311 298 373 411 197 14 298 4 91 106 384 28 63 178 227 489 248 417 477 299 158 260 256 259 473 391 498 477 51 357 288 173 486 77 238 11 219 295 62 94 131 305 493 332 492 185 397 404 209 257 66 369 21 326 200 489 360 167 150 461 15 188
64 270 296 258 191 355 220 147 270 244 318 387 349 116 61 403 35 360 353 118 186 207 433 331 103 4 175 187 50 9 99 246 208 492 496 428 373 37 306 363 7 484 290 416 129 218 204 268 197 126 74 269 127 326 276 0 389 88 61 252 464 44 460 261
349 190 20 43 285 103 124 49 293 343 128 490 115 361 101 105 324 247 127 32 288 29 435 498 94 469 320 293 459 481 397 246 37 290 260 261 380 0 200 246 433 251 56 284 310 59 248 287 27 286 122 93 455 111 365 261 351 294 249 2 103 104 191 420
416 471 409 126 378 26 318 104 334 170 232 104 417 151 462 290 117 428 489 110 377 3 281 32 252 11 119 359 498 203 429 141 18 479 445 437 392 39 426 46 115 356 188 233 129 150 341 9 168 208 204 96 239 291 37 87 156 84 93 340 240 133 499 325
384 68 37 467 371 245 327 65 68 341 479 415 93 460 157 412 297 195 4 249 123 249 474 197 65 368 376 253 328 301 77 126 266 421 456 31 149 403 174 64 135 169 186 354 362 214 134 90 201 229 124 4 60 117 77 229 137 424 455 88 0 375 411 438
461 34 229 95 349 454 104 0 123 55 352 76 180 106 125 72 255 282 296 63 21 368 353 203 212 248 309 442 409 219 310 226 273 344 246 423 318 108 152 77 402 452 421 185 465 444 223 164 37 107 145 35 315 116 463 20 26 398 247 299 59 442 200 281
29 359 241 277 84 167 461 223 7 88 324 61 212 188 220 160 409 483 387 241 194 260 27 348 491 192 31 453 121 296 63 52 72 193 245 137 115 19 283 242 311 441 113 23 181 297 18 111 116 99 364 493 279 186 251 74 476 199 82 390 258 323 308 11
80 319 5 356 438 401 69 284 249 181 91 62 30 184 158 457 343 112 216 372 82 358 269 48 391 337 499 478 405 478 408 285 116 205 447 98 208 308 490 116 158 26 238 70 246 89 129 336 169 131 176 78 52 365 379 334 202 11 106 58 313 150 54 88
162 26 233 77 229 436 191 89 139 438 177 398 424 469 200 409 409 122 303 408 186 110 373 438 336 18 384 230 396 75 313 56 460 231 100 6 283 79 167 428 324 390 342 465 143 151 414 195 198 420 432 296 244 362 386 157 78 210 360 91 132 177 438 151
191 459 34 191 373 311 338 109 287 200 304 18 65 127 489 23 215 220 180 380 199 194 255 7 367 416 223 446 207 341 99 304 146 29 259 154 255 10 285 148 168 25 98 235 142 209 357 139 226 224 120 45 275 154 323 340 35 18 339 407 309 117 39 128
110 372 482 66 28 41 326 423 430 194 214 370 393 185 302 369 96 155 71 140 77 240 499 108 412 435 197 199 403 250 155 383 17 256 425 229 372 487 125 107 234 31 12 196 192 263 287 171 391 68 59 142 420 96 407 316 411 481 288 86 32 481 302 234
473 258 434 222 377 15 74 64 396 236 218 194 233 423 0 256 307 209 40 479 374 25 379 193 413 471 299 233 346 367 96 383 131 328 307 13 167 75 432 398 226 453 484 222 254 310 237 436 463 479 206 36 337 438 423 476 181 261 27 285 361 256 396 341
34 168 160 379 167 371 320 84 384 121 317 168 404 195 294 311 225 495 241 100 370 103 284 7 430 182 286 313 70 313 344 430 25 448 393 308 423 327 267 157 107 239 431 192 155 444 347 171 170 285 422 109 36 396 167 147 315 235 53 286 390 73 71 37
240 319 74 190 325 219 413 283 452 25 298 117 12 38 483 227 480 3 245 5 409 477 29 311 66 78 455 415 248 92 354 375 157 350 304 43 264 350 492 10 473 100 444 299 453 28 8 253 278 21 7 149 433 235 440 106 145 243 37 292 461 71 174 418
354 237 394 425 138 48 291 118 247 422 29 153 362 223 437 248 336 42 171 69 49 433 10 69 219 118 271 112 416 169 119 294 129 227 15 10 77 263 322 421 352 296 256 177 479 205 138 424 363 124 219 399 356 312 53 186 260 226 70 283 143 11 131 166
402 187 24 72 210 160 65 378 81 425 283 312 312 93 107 233 175 217 178 477 152 397 15 279 188 398 372 19 263 318 151 369 1 191 288 449 460 433 340 413 445 119 449 407 191 286 220 499 78 19 318 300 64 328 248 338 347 297 83 499 149 219 283 443
158 403 376 138 66 328 358 343 437 473 485 93 72 178 276 418 84 32 247 341 105 207 33 96 79 234 257 335 189 458 202 385 172 351 105 449 284 381 63 74 474 314 43 320 218 495 446 500 149 339 92 346 320 467 356 381 129 215 93 73 399 387 84 389
109 333 55 49 491 201 361 373 263 362 42 350 355 291 395 183 210 78 291 325 425 135 154 471 33 127 426 312 244 143 11 179 281 251 110 152 383 497 244 32 397 298 165 438 360 251 35 261 258 421 414 486 321 97 37 106 0 228 98 496 125 133 122 494
293 255 66 324 322 377 173 198 90 340 232 207 460 99 52 175 140 186 187 391 420 443 181 306 496 397 302 443 202 290 57 175 147 327 87 160 115 273 235 179 365 472 124 194 49 296 469 386 85 205 366 488 94 60 200 348 71 88 387 92 289 490 399 481
220 74 417 324 379 25 483 223 274 262 67 101 219 86 63 30 313 186 265 163 432 76 176 244 69 71 313 108 42 347 78 147 338 147 139 363 453 455 443 337 169 322 191 286 144 396 217 47 230 73 50 192 158 74 113 234 126 272 178 409 5 103 74 421
356 176 287 474 475 32 265 29 26 302 206 455 168 336 364 202 80 253 44 376 92 306 411 13 400 299 287 248 452 411 62 364 14 143 380 91 24 176 94 247 221 369 109 21 456 175 87 18 445 10 50 123 3 141 89 82 313 245 285 280 25 165 98 391
16 100 34 73 0 478 49 313 477 52 380 152 129 237 197 356 192 391 370 158 80 52 233 167 116 149 85 447 81 311 178 462 57 105 385 12 3 224 369 476 8 150 465 220 364 81 300 124 332 14 424 171 274 52 201 360 132 392 79 159 61 189 251 255
