97 432 128 37 415 451 301 89
487 122 427 310 114 476 125 208
245 16 38 86 253 46 370 465
335 138 323 378 228 250 488 407
5 119 67 313 133 413 286 68
203 242 266 368 386 56 361 441
490 436 410 12 196 58 239 313
490 75 57 16 108 156 271 219
428 284 387 266 476 220 361 369
182 347 36 87 393 206 240 265
171 43 210 259 347 407 90 14
276 196 333 236 496 120 473 42
167 342 344 245 419 73 479 410
99 130 348 445 28 258 36 312
95 442 211 345 357 433 127 341
151 471 125 59 317 228 21 195
18 62 102 3 60 193 174 492
305 456 87 398 143 43 281 484
335 202 388 413 117 127 195 223
482 115 363 433 139 478 35 298
303 218 482 213 258 48 361 63
418 10 197 217 37 328 197 306
350 264 199 97 153 467 268 99
95 3 270 104 437 456 484 446
439 393 118 473 465 217 190 13
180 450 173 409 104 1 317 307
353 92 265 34 79 435 288 313
275 391 108 8 347 253 423 214
303 329 462 429 455 251 136 282
307 204 29 493 28 56 462 110
27 279 182 163 248 68 367 382
439 470 381 148 104 205 228 78
108 395 350 345 424 329 365 240
409 389 221 116 459 20 273 113
137 169 113 183 59 246 69 178
176 394 398 396 329 162 144 9
79 183 406 495 30 418 110 476
212 199 4 273 300 175 45 399
421 64 61 487 367 432 70 45
84 237 340 452 398 69 446 403
