437 179 299 11 104 315 213 325 207 130 169 229 358 430 213 95
196 421 358 52 347 493 46 416 216 362 308 266 245 204 15 20
31 1 456 122 453 286 151 342 382 97 80 262 33 44 202 370
441 498 86 300 367 73 48 384 351 47 232 426 48 81 354 320
369 396 131 73 375 441 182 137 465 167 248 146 328 44 251 174
160 22 92 159 158 338 197 31 215 379 253 85 282 98 221 439
120 84 205 489 475 463 351 148 277 152 359 200 399 272 273 60
259 304 373 334 267 500 257 444 272 254 407 218 462 248 114 291
380 181 315 191 94 252 95 220 153 20 289 239 491 447 132 335
98 358 89 346 445 92 353 410 297 13 116 102 438 443 398 44
462 31 137 398 467 311 322 323 281 185 126 276 329 46 475 57
430 444 391 287 82 163 260 158 263 500 139 414 378 88 338 212
273 141 156 260 167 419 7 152 326 438 315 442 95 377 178 27
106 275 379 362 486 436 114 153 133 3 76 429 225 191 211 295
356 403 205 489 291 428 88 232 187 65 214 165 331 453 423 475
221 464 282 346 377 428 101 318 82 314 373 319 202 238 368 325
329 200 357 321 211 376 498 449 257 375 353 425 323 106 363 448
479 285 442 469 421 38 292 206 432 62 231 372 407 380 69 435
138 10 2 395 263 451 135 275 162 107 59 402 59 68 43 274
351 429 157 441 186 129 395 408 139 275 160 239 91 154 325 363
226 12 492 416 467 500 254 482 300 44 385 50 19 377 116 367
163 441 368 277 363 83 83 127 31 398 34 484 133 16 290 247
240 172 311 85 240 202 45 357 70 284 60 114 43 178 289 332
133 428 204 494 297 318 38 300 210 302 24 277 121 82 306 103
156 101 296 350 434 7 454 248 7 391 137 466 57 206 103 290
479 402 435 65 267 291 87 460 278 476 140 199 27 128 349 352
245 364 247 286 290 247 109 229 425 227 418 138 190 308 365 93
272 427 355 213 32 78 263 224 164 83 312 490 306 283 135 39
380 348 111 397 343 6 487 218 214 116 214 382 429 162 233 333
142 237 157 28 237 34 297 150 15 142 94 7 114 138 284 390
451 410 318 201 155 43 448 468 91 276 358 215 325 289 424 229
393 153 480 393 40 433 343 358 435 431 111 13 376 145 106 392
192 285 15 25 375 3 257 304 38 178 73 282 212 312 205 18
109 475 15 21 460 440 161 94 118 447 205 243 172 181 92 252
5 84 13 463 219 139 198 462 419 450 458 421 337 230 105 59
235 126 335 495 436 222 392 93 162 148 495 19 227 39 112 425
410 104 81 342 478 446 51 179 124 456 368 268 363 411 409 43
146 397 123 267 155 132 364 358 113 276 406 456 66 345 123 79
202 498 18 444 111 365 25 483 400 262 379 422 185 351 279 472
74 220 203 418 323 436 71 95 142 53 35 374 220 291 178 242
226 130 387 351 250 425 163 12 169 109 298 353 490 456 322 164
161 36 200 237 317 298 104 87 200 313 414 446 468 408 71 57
239 203 353 144 341 470 297 69 2 458 486 2 299 420 370 66
462 322 238 348 380 419 383 201 124 273 313 93 64 283 58 275
15 311 110 134 250 88 213 87 3 89 290 107 332 36 427 250
179 378 48 95 155 309 352 394 79 155 204 452 11 472 61 251
218 243 450 363 69 372 236 251 288 77 345 397 68 248 429 159
406 408 450 350 425 361 206 96 486 494 408 271 290 292 331 162
441 340 208 231 433 132 266 413 47 330 188 99 314 135 230 179
234 105 41 113 185 222 23 48 17 102 301 455 436 43 398 497
140 52 356 360 151 59 315 395 250 179 84 438 293 473 237 97
106 183 433 343 12 263 379 174 141 318 217 292 492 69 177 441
372 202 256 289 271 251 355 338 390 154 54 140 122 366 216 243
39 392 249 116 265 410 275 94 305 191 247 371 458 292 65 383
118 8 316 159 254 444 170 121 106 469 238 363 369 449 389 20
493 325 71 390 323 200 371 44 185 105 30 202 151 289 120 283
192 153 177 454 471 137 216 189 196 164 432 330 387 196 310 17
329 470 315 120 50 487 272 187 176 96 310 356 278 126 101 428
479 127 412 212 18 294 220 172 96 348 228 399 6 288 149 318
246 404 274 346 223 465 384 117 56 361 422 195 426 8 486 365
209 368 160 254 283 208 250 467 441 407 477 20 147 438 463 482
419 453 26 282 163 79 62 5 90 264 18 74 271 239 351 447
51 168 34 207 449 45 342 494 224 392 15 30 351 281 411 211
122 32 384 402 154 3 402 5 262 425 14 477 273 259 193 206
238 496 449 315 119 202 59 277 84 459 428 68 240 162 462 86
430 319 127 74 42 449 257 242 384 57 256 185 283 221 19 355
454 478 272 140 405 328 198 210 36 218 121 469 335 413 314 242
447 65 33 262 318 479 496 251 367 420 500 326 306 391 19 487
354 476 430 243 295 113 70 124 91 470 362 446 185 265 220 125
433 233 397 493 103 83 486 8 58 480 464 50 0 449 183 90
129 464 407 26 235 410 366 478 353 355 307 185 251 327 359 114
382 41 476 358 281 289 97 467 381 480 149 340 370 187 169 74
483 92 479 110 202 165 430 213 443 376 66 242 33 86 277 20
123 95 157 451 163 0 27 2 141 94 218 66 205 264 192 292
139 459 264 1 260 360 354 115 322 227 178 324 160 328 177 77
350 465 359 375 158 73 118 38 472 259 185 491 357 308 139 245
256 58 357 430 453 482 489 309 284 369 99 322 235 172 196 483
217 10 26 213 287 234 176 385 423 228 232 46 183 230 231 402
394 212 411 183 412 127 29 67 427 204 268 59 39 212 373 266
110 98 347 461 184 376 14 6 11 292 152 468 113 313 15 128
