0.069606 0.0 0.901826 0.78169 0.455882 0.20614 0.688 0.511435 0.0 0.516624 0.213615 0.118257 0.828694 0.527523 0.60101 0.737327 0.765363 1.0 0.347368 0.51153 1.0 0.826873 0.149398 0.665 0.212919 1.0 0.811047 1.0 0.330749 0.930456 0.835498 0.425134
0.262181 0.606952 0.073059 0.558685 0.275735 0.0 1.0 0.467775 0.267477 0.603581 0.826291 0.912863 0.54818 0.238532 0.305556 0.154378 0.145251 0.529557 0.647368 1.0 0.109091 0.235142 0.648193 0.6425 0.009569 0.749392 0.880814 0.376518 0.005168 0.136691 1.0 0.751337
0.645012 0.326203 0.659817 0.068075 0.007353 0.638158 0.0 0.378378 0.653495 0.595908 0.495305 0.605809 0.35546 0.126147 0.0 0.859447 0.798883 0.0 0.297368 0.016771 0.375758 0.731266 0.0 0.0 0.42823 0.958637 0.930233 0.392713 0.940568 0.971223 0.0 0.708556
0.387471 0.516043 0.760274 0.624413 0.25 0.379386 0.942 0.731809 1.0 0.276215 0.0 0.0 0.0 0.93578 1.0 0.847926 0.798883 0.128079 0.318421 0.719078 0.369697 0.0 0.809639 0.97 0.188995 0.554745 0.0 0.657895 1.0 0.0 0.270563 0.649733
0.0 0.94385 1.0 0.997653 0.797794 0.855263 0.85 0.760915 0.507599 0.606138 0.00939 0.078838 1.0 0.699541 0.434343 0.414747 0.421788 0.081281 0.510526 0.356394 0.681818 0.875969 0.250602 0.5175 0.552632 0.06326 0.197674 0.564777 0.444444 0.11271 0.15368 0.200535
0.580046 0.251337 0.997717 0.589202 0.801471 1.0 0.464 0.0 0.115502 0.0 0.50939 1.0 0.381156 0.295872 0.171717 0.262673 0.103352 0.438424 0.873684 0.218029 0.0 0.372093 1.0 0.0425 0.717703 0.941606 0.625 0.615385 0.242894 0.261391 0.021645 1.0
0.682135 1.0 0.0 0.58216 0.327206 0.964912 0.446 1.0 0.559271 0.058824 0.143192 0.545643 0.413276 0.509174 0.111111 1.0 1.0 0.221675 1.0 0.0 0.984848 0.490956 0.554217 0.575 0.0 0.274939 0.587209 0.927126 0.782946 0.59952 0.935065 0.687166
0.830626 0.585561 0.988584 0.978873 1.0 0.201754 0.93 0.442827 0.817629 0.373402 0.307512 0.516598 0.432548 0.201835 0.79798 0.0 0.0 0.721675 0.871053 0.232704 0.421212 1.0 0.6 1.0 0.672249 0.099757 0.921512 0.087045 0.485788 0.052758 0.636364 0.0
1.0 0.165775 0.40411 0.0 0.441176 0.934211 0.112 0.361746 0.288754 0.273657 0.880282 0.248963 0.30621 0.0 0.752525 0.12212 0.027933 0.160099 0.0 0.486373 0.30303 0.560724 0.59759 0.3675 0.447368 0.0 1.0 0.840081 0.028424 1.0 0.688312 0.219251
0.607889 0.649733 0.547945 1.0 0.0 0.528509 0.9 0.659044 0.802432 1.0 1.0 0.282158 0.379015 1.0 0.116162 0.686636 0.829609 0.906404 0.705263 0.542977 0.381818 0.837209 0.898795 0.9775 1.0 0.632603 0.174419 0.0 0.0 0.41247 0.764069 1.0
