0.1725 1.0 0.42132 0.336538 0.740525 0.0 0.283537 1.0 0.843866 0.875566 0.034582 0.641361 0.678815 0.0 0.471092 0.0 0.046809 0.73385 1.0 0.684327 0.251852 0.872845 0.444444 0.427848 0.350806 0.0 0.54067 0.344418 1.0 0.37018 0.179104 0.366953
0.915 0.899676 0.794416 0.147436 0.638484 0.686801 0.60061 0.071429 0.635688 0.581448 0.469741 0.356021 0.104784 0.207763 0.301927 0.639903 0.817021 1.0 0.0 1.0 0.0 0.702586 0.0 1.0 0.788306 0.715054 0.873206 0.0 0.953271 0.683805 0.885572 0.216738
1.0 0.488673 0.786802 0.0 0.740525 0.809843 1.0 0.840659 0.0 0.927602 0.622478 0.062827 0.594533 0.223744 0.130621 0.76399 0.257447 1.0 0.366972 0.90287 0.281481 1.0 0.0 0.255696 0.822581 0.096774 0.528708 0.047506 0.231308 0.660668 1.0 0.0
0.0 0.925566 1.0 0.089744 0.303207 0.615213 0.740854 0.260989 1.0 0.038462 0.0 0.973822 0.384966 0.826484 0.730193 0.678832 0.904255 0.542636 0.071101 0.891832 0.444444 0.056034 0.407407 0.136709 0.288306 1.0 0.708134 0.876485 0.140187 1.0 0.171642 0.560086
0.9675 0.0 0.116751 0.282051 0.0 0.38255 0.042683 0.697802 0.193309 0.520362 1.0 1.0 0.118451 0.522831 1.0 0.545012 1.0 0.664083 0.332569 0.0 0.807407 0.87931 0.203704 0.182278 0.796371 0.27957 0.0 1.0 0.093458 0.0 0.681592 0.83691
0.41 0.394822 0.0 0.967949 0.504373 0.371365 0.911585 0.656593 0.557621 0.0 0.37464 0.039267 0.0 0.436073 0.558887 0.014599 0.668085 0.700258 0.818807 0.836645 0.511111 0.0 1.0 0.934177 1.0 0.352151 0.361244 0.0 0.109813 0.745501 0.460199 1.0
0.105 0.660194 0.730964 0.628205 0.868805 0.1566 0.106707 0.255495 0.200743 0.30543 0.608069 0.183246 1.0 0.349315 0.0 0.131387 0.0 0.75969 0.268349 0.485651 0.2 0.355603 0.497354 0.579747 0.397177 0.521505 0.906699 0.47981 0.0 0.251928 0.0 0.11588
0.74 0.10356 0.705584 0.724359 1.0 0.868009 0.573171 0.692308 0.710037 0.857466 0.902017 0.808901 0.202733 0.073059 0.952891 0.761557 0.057447 0.007752 0.353211 0.536424 0.266667 0.282328 0.589947 0.197468 0.0 0.083333 1.0 0.909739 0.093458 0.717224 0.900498 0.287554
0.2275 0.750809 0.299492 1.0 0.676385 1.0 0.198171 0.901099 0.02974 0.798643 0.118156 0.091623 0.612756 1.0 0.293362 0.163017 0.542553 0.496124 0.557339 0.706402 1.0 0.262931 0.026455 0.0 0.655242 0.502688 0.37799 0.391924 0.871495 0.678663 0.674129 0.409871
0.9625 0.255663 0.591371 0.189103 0.058309 0.970917 0.0 0.0 0.412639 1.0 0.933718 0.0 0.886105 0.260274 0.507495 1.0 0.806383 0.0 0.612385 0.392936 0.703704 0.8125 0.238095 0.572152 0.943548 0.766129 0.619617 0.859857 0.334112 0.596401 0.50995 0.776824
