0.166065 0.456464 0.0 0.840617 0.644444 0.287356 0.061002 0.719212 0.437037 0.387534 0.065502 0.365285 0.787286 0.935323 0.876068 0.762255 0.486911 0.080092 0.512626 0.374622 0.995349 0.128609 0.977629 0.845771 0.766667 0.452703 0.288714 0.250689 0.409382 0.620283 0.235149 0.341463 0.432377 1.0 0.599327 0.950392 0.581948 0.410138 0.0 0.97389 0.198745 0.086076 0.524123 0.604167 0.0 0.13964 0.13172 0.199531 0.655 0.0 0.587156 0.697674 0.271715 0.0 0.365 0.756627 1.0 0.733711 0.694087 0.903302 0.011538 1.0 0.288557 1.0
0.0 0.812665 0.542274 0.383033 1.0 0.022989 1.0 0.438424 0.0 0.132791 0.030568 0.0 0.440098 0.166667 0.790598 0.723039 0.308901 0.89016 0.65404 1.0 0.9 0.656168 0.008949 0.340796 0.462222 0.43018 1.0 1.0 1.0 0.106132 0.037129 0.0 0.665984 0.74498 1.0 0.0 0.0 0.827189 0.4 0.29765 0.658996 0.764557 0.491228 0.0 0.48139 0.722973 0.655914 0.0 0.7925 0.107692 0.637615 0.837209 0.639198 0.035197 0.13 0.093976 0.0 0.1983 0.0 0.691038 0.661538 0.820346 1.0 0.627204
0.837545 0.490765 0.081633 0.113111 0.144444 0.316092 0.973856 0.0 0.203704 0.471545 0.318777 0.202073 0.00978 0.385572 0.903846 0.509804 0.675393 0.240275 0.856061 0.924471 1.0 0.023622 1.0 0.721393 0.557778 0.414414 0.448819 0.892562 0.882729 0.695755 0.032178 1.0 0.657787 0.61245 0.670034 0.686684 0.057007 0.0 0.845902 0.120104 0.646444 0.564557 1.0 0.447917 0.833747 0.903153 0.30914 0.474178 0.38 0.010989 0.830275 0.755814 0.084633 0.590062 0.49 0.0 0.990361 0.677054 0.760925 0.603774 0.934615 0.0 0.393035 0.783375
0.610108 0.69657 0.428571 0.0 0.357778 0.0 0.420479 0.847291 0.677778 0.99458 1.0 0.072539 0.396088 1.0 0.399573 0.816176 1.0 0.457666 0.247475 0.858006 0.911628 0.388451 0.36689 0.955224 0.666667 0.0 0.073491 0.834711 0.040512 0.028302 0.975248 0.253659 0.0 0.7249 0.774411 0.806789 0.106888 0.820276 0.92459 1.0 1.0 1.0 0.385965 0.038194 0.74938 0.533784 0.897849 0.347418 0.3 1.0 0.938073 1.0 0.073497 0.679089 0.0 0.168675 0.583133 0.852691 0.645244 0.162736 0.630769 0.562771 0.825871 0.707809
0.33213 0.0 1.0 0.773779 0.0 0.327586 0.474946 0.665025 0.2 0.0 0.823144 0.020725 0.0 0.325871 0.59188 0.490196 0.151832 0.125858 0.393939 0.0 0.853488 0.0 0.456376 0.0 0.517778 0.085586 0.309711 0.922865 0.833689 0.0 0.35396 0.885366 0.903689 0.831325 0.484848 0.618799 0.159145 0.612903 0.278689 0.639687 0.788703 0.389873 0.666667 0.215278 0.746898 1.0 1.0 1.0 1.0 0.885714 0.447248 0.044186 0.873051 0.879917 0.705 0.079518 0.585542 0.031161 0.167095 0.235849 0.719231 0.095238 0.679104 0.382872
0.754513 0.638522 0.483965 1.0 0.135556 0.997126 0.230937 0.487685 0.585185 0.742547 0.00655 0.145078 0.682152 0.11194 0.0 0.904412 0.0 0.0 0.0 0.489426 0.462791 0.790026 0.0 0.504975 0.111111 1.0 0.257218 0.341598 0.639659 0.34434 0.0 0.729268 1.0 0.337349 0.387205 0.454308 0.914489 1.0 0.02623 0.798956 0.903766 0.455696 0.447368 1.0 0.796526 0.0 0.223118 0.535211 0.955 0.850549 0.043578 0.327907 0.0 0.915114 1.0 1.0 0.453012 1.0 0.920308 0.0 0.484615 0.08658 0.957711 0.332494
0.729242 0.902375 0.12828 0.308483 0.668889 1.0 0.0 1.0 0.107407 0.368564 0.255459 0.930052 1.0 0.609453 0.653846 0.544118 0.643979 1.0 1.0 0.208459 0.54186 0.031496 0.527964 0.504975 0.582222 0.27027 0.414698 0.550964 0.132196 1.0 0.019802 0.42439 0.659836 0.0 0.003367 0.866841 1.0 0.617512 0.862295 0.984334 0.305439 0.0 0.02193 0.572917 0.890819 0.252252 0.80914 0.126761 0.9475 0.123077 1.0 0.244186 0.209354 1.0 0.675 0.896386 0.344578 0.0 0.619537 0.216981 0.0 0.995671 0.226368 0.604534
0.129964 0.532982 0.405248 0.329049 0.986667 0.114943 0.180828 0.64532 0.255556 1.0 0.639738 0.176166 0.215159 1.0 0.583333 1.0 0.201571 0.677346 0.540404 0.513595 0.862791 0.107612 0.868009 0.450249 0.0 0.540541 0.7979 0.0 0.26226 0.214623 1.0 0.480488 0.305328 0.305221 0.491582 0.023499 0.703088 0.788018 1.0 0.0 0.0 0.101266 0.723684 0.465278 0.816377 0.936937 0.505376 0.894366 0.0 0.527473 0.344037 0.234884 0.262806 0.513458 0.01 0.840964 0.024096 0.365439 0.737789 0.183962 0.261538 0.088745 0.166667 0.916877
0.790614 1.0 0.166181 0.681234 0.393333 0.652299 0.48366 0.546798 0.533333 0.539295 0.0 1.0 0.599022 0.875622 0.209402 0.0 0.282723 0.17849 0.209596 0.033233 0.0 0.270341 0.935123 0.955224 1.0 0.592342 0.782152 0.652893 0.469083 0.042453 0.74505 0.980488 0.69877 0.947791 0.0 0.386423 0.453682 0.900922 0.442623 0.678851 0.968619 0.222785 0.0 0.104167 0.987593 0.963964 0.0 0.161972 0.74 0.582418 0.0 0.337209 1.0 0.227743 0.875 0.450602 0.209639 0.932011 1.0 0.007075 1.0 0.987013 0.848259 0.0
1.0 0.501319 0.040816 0.485861 0.491111 0.939655 0.503268 0.399015 1.0 0.360434 0.548035 0.23057 0.06357 0.0 1.0 0.009804 0.557592 0.871854 0.406566 0.670695 0.595349 1.0 0.932886 1.0 0.473333 0.981982 0.0 0.283747 0.0 0.726415 0.235149 0.943902 0.620902 0.600402 0.272727 1.0 0.144893 0.052995 0.832787 0.942559 0.414226 0.025316 0.296053 0.03125 1.0 0.727477 0.612903 0.551643 0.645 0.674725 0.754587 0.0 0.367483 0.217391 0.015 0.944578 0.436145 0.014164 0.830334 1.0 0.161538 0.891775 0.0 0.992443
