0.04 0.428941 0.852941 0.278146 0.0 0.013441 0.360656 0.411192
0.584444 0.829457 0.784314 0.675497 0.252976 1.0 0.437939 0.357664
0.035556 0.067183 0.348039 0.0 0.113095 0.766129 0.234192 0.0
1.0 0.550388 0.0 0.913907 0.860119 0.825269 0.337237 0.075426
0.0 1.0 1.0 0.89404 0.598214 0.626344 0.0 0.515815
0.291111 0.857881 0.477941 0.993377 0.127976 0.204301 0.749415 0.128954
0.988889 0.739018 0.593137 1.0 0.247024 0.215054 0.323185 1.0
0.588889 0.007752 0.345588 0.576159 1.0 0.801075 0.880562 0.126521
0.095556 0.0 0.89951 0.625828 0.669643 0.0 0.578454 0.126521
0.302222 0.155039 0.960784 0.682119 0.357143 0.556452 1.0 0.586375
