105 423 194 251 402 37 159 392 269 389 131 345 339 57 249 31 48 315 442 323 357 411 217 211 174 18 278 201 500 204 99 184
402 392 341 192 367 344 263 54 213 259 282 236 87 148 170 294 410 418 6 466 323 332 49 437 391 284 417 56 480 326 383 114
436 265 338 146 402 399 394 334 42 412 335 124 302 155 90 345 147 418 166 422 361 470 49 143 408 54 273 76 171 317 429 13
36 400 422 174 252 312 309 123 311 19 119 472 210 419 370 310 451 241 37 417 383 32 203 96 143 390 348 425 132 449 96 274
423 114 74 234 148 208 80 282 94 232 466 482 93 286 496 255 496 288 151 13 432 414 126 114 395 122 52 477 112 60 301 403
200 236 28 448 321 203 365 267 192 2 249 115 41 248 290 37 340 302 363 392 392 6 427 411 496 149 203 56 119 350 212 479
78 318 316 342 446 107 101 121 96 137 330 170 480 210 29 85 26 325 123 233 350 171 237 271 197 212 431 258 72 158 27 67
332 146 306 372 491 425 254 280 233 381 432 409 130 89 474 344 53 34 160 256 359 137 272 120 0 49 470 439 112 339 389 147
127 346 146 458 380 484 131 356 50 355 160 135 310 495 166 98 281 223 249 333 458 128 59 42 325 205 210 221 445 324 298 204
421 193 261 205 168 471 66 28 153 444 443 100 430 171 266 442 405 31 273 191 418 383 139 268 468 303 311 418 215 292 232 375
