63 246 145 331 315 232 60 437 328 191 46 152 393 382 430 334 298 59 247 246 434 61 458 405 349 228 210 195 200 273 103 227 221 500 241 451 262 236 181 466 98 88 250 275 84 71 65 116 277 36 285 321 133 2 326 339 456 326 277 451 239 464 210 486
17 381 331 153 475 140 491 380 210 97 30 11 251 73 390 318 230 413 303 453 393 262 25 202 212 218 481 467 477 55 23 87 335 373 360 87 17 417 303 207 318 356 235 101 278 330 260 31 332 85 307 381 298 19 279 64 41 137 7 361 408 381 496 338
249 259 173 48 90 242 479 291 265 222 162 89 75 161 443 231 370 129 383 428 436 21 468 355 255 211 271 428 422 305 21 497 331 307 262 350 41 58 439 139 312 277 467 230 420 410 131 233 167 41 391 346 49 287 351 25 452 306 303 324 479 2 252 400
186 337 292 4 186 132 225 463 393 415 474 39 233 408 207 356 494 224 142 406 398 160 185 449 304 27 128 407 27 22 402 191 10 363 293 396 62 414 463 476 481 449 187 112 386 246 350 179 135 491 438 451 44 330 253 95 283 368 258 137 400 262 426 370
109 73 488 305 25 246 250 426 264 48 393 19 71 137 297 223 170 79 200 122 373 12 225 65 237 65 218 439 399 10 151 450 451 416 207 324 84 324 266 338 380 208 315 163 385 453 388 457 415 439 224 40 403 427 394 58 284 78 72 168 423 46 367 241
226 315 311 393 86 479 138 390 368 322 19 67 350 51 20 392 112 24 44 284 205 313 21 268 54 471 198 228 308 156 8 386 498 170 178 261 402 492 189 399 435 234 215 389 405 9 99 259 397 423 48 162 11 444 453 440 229 420 365 68 362 42 479 221
219 415 189 124 326 480 32 494 239 184 133 370 480 251 326 245 358 461 440 191 239 24 257 268 266 147 258 304 70 434 16 261 332 2 64 419 438 326 444 470 149 54 21 266 443 121 317 85 394 92 465 126 105 485 388 397 184 67 248 160 236 462 185 329
53 275 284 132 469 172 115 422 279 417 309 79 159 408 293 431 189 320 258 292 377 53 409 246 4 267 404 104 131 101 412 284 159 154 209 96 313 400 486 93 3 94 341 235 413 425 204 412 15 276 179 122 129 250 255 374 51 196 294 146 304 43 161 453
236 452 202 269 202 359 254 402 354 247 16 397 316 358 118 23 220 102 127 133 6 115 439 449 454 290 398 341 228 28 309 489 351 474 63 235 208 449 316 353 466 142 11 131 482 437 16 100 311 301 29 166 460 112 428 212 128 396 396 71 496 458 435 89
294 263 159 193 246 459 263 372 480 181 267 100 97 6 488 27 325 405 205 344 262 393 438 467 217 463 100 207 8 318 103 474 313 301 144 470 78 81 435 454 201 64 146 110 487 332 244 266 273 343 358 21 176 107 256 417 222 72 330 492 278 414 94 483
