484 350 253 79 189 269 344 59 70 387 73 73 363 403 85 141 480 276 149 409 147 407 398 303 310 9 192 264 62 446 296 11 443 107 321 467 420 4 469 173 214 330 69 101 152 199 251 33 334 204 246 200 406 418 241 270 189 287 41 180 69 282 80 499 448 388 422 40 497 460 449 291 296 339 171 309 201 282 432 354 433 61 177 127 415 337 23 382 99 148 269 388 195 72 194 61 239 325 131 139 276 213 222 364 150 460 339 91 205 167 152 366 463 491 376 7 481 207 219 25 190 15 195 320 349 398 240 49
438 442 216 129 76 188 391 131 6 211 500 287 196 472 131 179 356 223 12 257 217 421 382 390 163 366 135 233 30 479 140 86 340 79 117 241 432 39 427 140 436 387 360 357 105 92 146 402 431 111 355 409 491 486 324 38 120 383 35 109 356 37 473 268 235 153 286 246 139 264 183 29 425 242 8 307 393 61 470 39 87 487 329 308 40 369 431 352 457 342 192 371 248 413 446 42 383 116 194 85 220 208 493 20 173 235 6 151 107 16 193 148 470 157 421 255 1 460 75 331 388 400 128 23 87 479 117 416
415 440 169 404 80 61 429 47 445 333 455 375 301 170 484 247 459 203 448 140 228 187 409 443 52 148 183 159 39 233 222 13 187 94 294 423 378 264 158 499 384 130 33 60 48 419 287 410 465 286 96 36 5 72 207 180 447 83 281 143 127 73 411 122 29 102 96 300 456 441 51 461 451 67 26 282 11 344 253 280 260 61 146 11 37 19 188 66 335 462 427 325 436 329 46 185 315 3 404 487 498 25 49 463 14 484 125 441 22 12 7 340 36 221 316 433 147 300 401 349 239 488 297 182 3 454 36 376
406 224 352 45 164 452 423 206 112 379 473 109 202 110 54 25 389 115 35 472 124 182 173 398 149 450 231 424 313 444 94 435 303 451 418 205 366 408 23 159 105 144 20 132 181 60 143 125 418 491 383 474 369 422 328 151 89 270 165 257 154 243 431 434 297 402 197 329 190 1 59 362 248 66 301 221 500 305 211 426 35 419 180 469 387 131 130 494 453 114 279 181 41 274 138 462 486 384 178 191 462 286 496 345 67 95 124 348 37 296 337 310 414 286 69 283 477 346 256 455 94 403 254 325 248 164 125 450
467 212 315 81 363 120 296 60 373 301 414 361 267 80 378 55 200 90 116 87 482 487 284 425 164 200 183 234 92 198 94 118 329 491 268 83 407 273 483 204 426 17 86 426 61 37 451 103 389 353 138 117 202 38 314 240 305 449 226 121 89 497 101 200 188 465 396 321 434 396 429 149 47 43 334 148 0 479 6 3 318 132 260 55 394 461 366 237 58 63 153 8 241 236 338 115 66 418 210 442 398 9 91 292 449 239 352 391 53 358 110 450 383 152 10 498 231 465 253 469 25 112 305 368 467 350 112 375
177 262 470 107 295 288 456 464 164 322 90 161 22 199 27 381 323 420 201 27 44 309 230 397 490 126 433 218 178 266 102 341 488 393 178 96 200 45 420 344 45 161 221 24 303 14 495 179 244 216 48 76 448 473 322 427 319 204 264 198 188 267 330 45 322 304 369 65 393 81 496 332 461 484 230 207 156 115 224 231 290 8 389 226 385 212 389 468 188 0 278 53 81 328 121 268 485 67 143 438 331 170 354 93 152 310 429 201 499 336 385 224 229 369 79 153 202 117 207 498 330 191 451 363 124 457 83 356
194 494 34 59 98 95 440 215 440 191 69 432 117 402 85 354 47 7 191 388 206 330 347 122 209 495 77 97 450 311 107 261 394 437 415 425 491 486 348 194 480 16 175 195 102 454 17 338 294 270 169 442 258 113 326 79 370 134 394 193 67 201 413 269 335 152 339 363 388 158 455 196 303 324 150 60 204 305 134 48 496 387 425 74 7 401 102 485 221 474 493 475 1 343 68 70 471 457 473 24 81 130 25 474 130 247 228 0 120 386 272 171 11 400 104 213 62 391 128 246 247 27 415 362 262 374 302 76
259 256 388 17 238 98 204 42 247 414 273 185 157 86 201 481 144 25 354 86 10 200 69 370 115 116 96 274 403 449 93 389 179 174 204 137 195 107 425 465 210 474 431 362 25 361 114 338 268 89 441 67 87 85 312 179 132 382 230 50 77 161 251 414 301 82 333 161 237 162 330 396 4 3 144 361 3 471 353 246 291 450 467 453 425 447 154 94 385 401 13 403 110 104 188 386 405 460 217 110 491 148 134 315 491 86 293 37 460 420 150 490 345 415 452 58 10 300 381 357 363 30 296 155 71 200 364 194
333 15 113 195 109 306 159 439 478 311 476 109 116 54 346 85 15 46 381 71 237 36 424 293 271 82 478 413 361 60 184 274 85 269 344 491 232 220 357 355 135 202 176 78 490 107 398 226 78 390 181 338 107 206 94 225 302 284 305 443 357 359 217 206 393 199 369 389 325 218 396 79 208 500 178 437 435 3 134 442 370 66 8 118 31 314 270 152 319 196 413 232 426 103 7 491 281 373 132 55 132 373 152 46 195 49 401 200 22 478 298 287 201 453 151 485 217 204 255 121 166 355 282 45 220 295 6 406
84 480 76 293 19 228 135 43 156 79 343 464 371 45 488 257 224 141 354 200 20 166 235 294 395 431 61 414 209 464 392 94 100 41 246 485 374 220 326 249 23 132 484 298 411 329 45 171 213 178 295 74 249 148 278 64 31 195 222 336 293 342 158 391 342 281 89 202 305 433 71 221 225 428 274 272 47 39 390 279 411 270 254 335 65 220 169 340 158 171 208 461 40 158 441 310 67 492 457 472 127 75 331 488 117 489 493 88 132 333 239 142 333 365 410 371 151 251 412 421 286 192 219 19 56 458 278 246
