78 18 437 390 244 110 344 246 161 287 139 57 391 232 301 344 415 437 193 246 331 386 123 354 127 464 335 498 177 439 405 276
161 245 74 295 195 16 500 225 249 321 400 440 260 106 184 91 193 246 307 479 37 157 330 345 42 361 359 190 51 108 481 398
326 140 331 86 122 307 0 182 376 318 259 292 170 57 63 397 427 31 174 10 125 349 61 88 217 447 376 198 413 456 19 382
215 211 375 323 188 189 471 352 490 193 48 0 4 410 459 392 427 83 182 345 123 66 397 476 117 281 56 329 436 51 144 360
48 371 480 482 337 406 425 366 328 322 52 38 471 307 235 204 292 64 255 172 226 405 165 295 269 79 124 283 221 98 90 192
298 112 479 308 338 472 232 0 199 85 265 482 182 131 131 138 178 209 393 106 1 210 476 105 338 440 271 308 143 160 29 491
342 392 42 305 209 456 223 481 345 108 109 263 197 224 107 458 499 121 441 2 326 256 291 318 38 166 258 462 352 301 451 374
406 237 475 474 392 108 465 213 430 231 179 249 206 90 379 24 141 324 392 113 140 453 310 488 319 94 373 47 237 73 313 117
479 80 219 57 240 442 56 174 256 192 423 120 147 2 361 77 151 96 61 234 101 283 309 235 225 53 400 419 60 468 337 199
310 261 282 483 120 257 450 317 425 476 474 136 181 438 109 322 438 399 329 261 127 390 434 479 456 313 116 4 49 223 372 491
